0,19999
1,5804
2,4199
3,3423
4,2381
5,2179
6,2021
7,1830
8,1594
9,1212
10,1170
11,1117
12,1064
13,1042
14,980
15,940
16,892
17,865
18,731
19,623
20,591
21,588
22,584
23,557
24,560
25,530
26,535
27,546
28,497
29,491
30,490
31,469
32,470
33,456
34,438
35,446
36,419
37,418
38,315
39,312
40,311
41,295
42,298
43,297
44,293
45,296
46,290
47,276
48,283
49,288
50,273
51,278
52,254
53,270
54,266
55,280
56,268
57,249
58,251
59,245
60,247
61,247
62,246
63,242
64,229
65,240
66,231
67,228
68,229
69,222
70,217
71,227
72,219
73,212
74,208
75,210
76,210
77,162
78,153
79,157
80,156
81,161
82,151
83,147
84,150
85,146
86,154
87,150
88,147
89,148
90,147
91,148
92,149
93,144
94,148
95,146
96,132
97,144
98,141
99,145
100,144
101,136
102,139
103,145
104,136
105,118
106,137
107,139
108,131
109,136
110,133
111,138
112,142
113,145
114,125
115,124
116,127
117,134
118,118
119,115
120,131
121,127
122,122
123,125
124,123
125,121
126,126
127,121
128,122
129,112
130,119
131,127
132,114
133,122
134,109
135,112
136,117
137,112
138,120
139,110
140,113
141,106
142,113
143,118
144,110
145,105
146,114
147,108
148,106
149,102
150,108
151,107
152,104
153,106
154,105
155,86
156,76
157,82
158,73
159,79
160,79
161,78
162,80
163,84
164,78
165,74
166,78
167,65
168,83
169,74
170,78
171,72
172,76
173,76
174,77
175,75
176,78
177,72
178,77
179,77
180,73
181,74
182,74
183,73
184,77
185,76
186,74
187,78
188,68
189,71
190,77
191,77
192,71
193,74
194,59
195,74
196,70
197,65
198,77
199,72
200,75
201,76
202,70
203,74
204,63
205,70
206,70
207,71
208,74
209,68
210,68
211,59
212,58
213,74
214,65
215,75
216,65
217,65
218,68
219,67
220,69
221,69
222,66
223,68
224,71
225,72
226,71
227,75
228,70
229,63
230,64
231,68
232,57
233,63
234,65
235,69
236,65
237,58
238,61
239,58
240,58
241,64
242,68
243,67
244,61
245,56
246,68
247,60
248,66
249,62
250,62
251,59
252,63
253,68
254,60
255,58
256,64
257,65
258,59
259,60
260,53
261,59
262,62
263,66
264,61
265,60
266,56
267,60
268,64
269,60
270,50
271,54
272,60
273,60
274,57
275,59
276,54
277,66
278,52
279,52
280,59
281,58
282,55
283,55
284,53
285,55
286,57
287,64
288,56
289,54
290,57
291,55
292,50
293,56
294,60
295,54
296,55
297,54
298,53
299,52
300,52
301,54
302,55
303,54
304,54
305,54
306,52
307,53
308,54
309,51
310,55
311,49
312,39
313,34
314,44
315,43
316,40
317,36
318,39
319,45
320,35
321,40
322,41
323,39
324,40
325,39
326,42
327,43
328,42
329,41
330,38
331,36
332,39
333,45
334,35
335,36
336,32
337,40
338,44
339,31
340,44
341,48
342,32
343,34
344,39
345,38
346,40
347,39
348,38
349,37
350,39
351,35
352,40
353,38
354,41
355,42
356,33
357,35
358,44
359,40
360,39
361,36
362,40
363,33
364,41
365,36
366,41
367,36
368,39
369,40
370,38
371,40
372,39
373,36
374,40
375,36
376,44
377,35
378,34
379,36
380,36
381,39
382,40
383,37
384,40
385,37
386,35
387,39
388,37
389,29
390,31
391,35
392,40
393,33
394,40
395,35
396,31
397,34
398,44
399,39
400,35
401,37
402,39
403,39
404,39
405,34
406,37
407,35
408,40
409,33
410,31
411,41
412,31
413,36
414,36
415,32
416,40
417,34
418,41
419,35
420,35
421,38
422,33
423,33
424,28
425,25
426,34
427,35
428,41
429,33
430,33
431,35
432,42
433,31
434,36
435,34
436,31
437,35
438,34
439,30
440,39
441,33
442,37
443,41
444,29
445,35
446,31
447,34
448,35
449,39
450,34
451,39
452,35
453,35
454,37
455,37
456,38
457,32
458,40
459,30
460,34
461,34
462,32
463,34
464,35
465,33
466,26
467,30
468,33
469,37
470,28
471,40
472,31
473,35
474,32
475,30
476,29
477,31
478,33
479,30
480,29
481,31
482,29
483,32
484,33
485,34
486,36
487,33
488,36
489,32
490,30
491,32
492,25
493,35
494,34
495,29
496,33
497,33
498,35
499,34
500,29
501,30
502,32
503,31
504,29
505,32
506,32
507,33
508,36
509,29
510,32
511,32
512,28
513,31
514,36
515,32
516,35
517,32
518,29
519,31
520,32
521,26
522,28
523,29
524,32
525,30
526,34
527,34
528,33
529,32
530,31
531,29
532,31
533,29
534,29
535,31
536,31
537,33
538,31
539,34
540,29
541,25
542,27
543,29
544,28
545,34
546,26
547,35
548,27
549,29
550,29
551,31
552,30
553,33
554,23
555,33
556,36
557,25
558,28
559,24
560,29
561,30
562,30
563,28
564,31
565,28
566,29
567,28
568,27
569,29
570,26
571,30
572,26
573,27
574,32
575,31
576,34
577,31
578,27
579,28
580,28
581,32
582,27
583,29
584,28
585,25
586,26
587,30
588,29
589,31
590,29
591,29
592,28
593,28
594,27
595,26
596,30
597,27
598,28
599,29
600,26
601,26
602,25
603,28
604,27
605,27
606,29
607,27
608,29
609,24
610,31
611,28
612,25
613,28
614,26
615,31
616,23
617,29
618,27
619,28
620,25
621,29
622,28
623,28
624,22
625,22
626,19
627,16
628,20
629,22
630,23
631,27
632,17
633,21
634,21
635,19
636,19
637,20
638,21
639,24
640,23
641,20
642,17
643,20
644,21
645,19
646,23
647,20
648,21
649,21
650,21
651,24
652,17
653,22
654,22
655,25
656,20
657,24
658,20
659,20
660,22
661,18
662,22
663,20
664,17
665,20
666,21
667,20
668,27
669,17
670,19
671,18
672,19
673,15
674,18
675,24
676,18
677,21
678,24
679,13
680,19
681,23
682,21
683,24
684,25
685,18
686,15
687,16
688,19
689,19
690,22
691,19
692,21
693,21
694,20
695,20
696,18
697,19
698,20
699,18
700,20
701,20
702,21
703,18
704,20
705,19
706,23
707,20
708,19
709,20
710,22
711,20
712,23
713,20
714,15
715,20
716,16
717,18
718,25
719,21
720,19
721,22
722,18
723,22
724,16
725,17
726,22
727,17
728,17
729,18
730,25
731,17
732,21
733,19
734,21
735,20
736,18
737,15
738,24
739,18
740,23
741,19
742,20
743,21
744,18
745,19
746,22
747,17
748,20
749,22
750,19
751,17
752,21
753,23
754,22
755,15
756,21
757,19
758,17
759,21
760,17
761,21
762,16
763,18
764,23
765,23
766,18
767,21
768,19
769,19
770,22
771,18
772,20
773,16
774,20
775,20
776,19
777,20
778,18
779,14
780,16
781,14
782,18
783,20
784,17
785,21
786,20
787,17
788,17
789,21
790,19
791,18
792,18
793,15
794,18
795,20
796,16
797,24
798,21
799,21
800,19
801,22
802,15
803,18
804,19
805,22
806,19
807,20
808,20
809,22
810,19
811,14
812,19
813,18
814,20
815,16
816,19
817,20
818,22
819,16
820,18
821,17
822,16
823,18
824,24
825,18
826,16
827,16
828,21
829,21
830,16
831,17
832,16
833,22
834,19
835,21
836,15
837,22
838,20
839,18
840,19
841,20
842,15
843,20
844,18
845,15
846,19
847,18
848,17
849,12
850,17
851,14
852,13
853,17
854,18
855,20
856,17
857,20
858,23
859,16
860,18
861,13
862,20
863,17
864,18
865,22
866,20
867,19
868,14
869,18
870,20
871,17
872,18
873,21
874,13
875,17
876,19
877,20
878,16
879,18
880,14
881,22
882,16
883,16
884,18
885,19
886,19
887,25
888,16
889,19
890,12
891,16
892,21
893,16
894,15
895,17
896,19
897,19
898,16
899,20
900,22
901,16
902,20
903,20
904,19
905,19
906,17
907,21
908,15
909,17
910,21
911,20
912,18
913,20
914,20
915,18
916,16
917,25
918,16
919,17
920,15
921,18
922,16
923,17
924,18
925,21
926,13
927,16
928,20
929,22
930,15
931,18
932,17
933,15
934,13
935,17
936,15
937,17
938,16
939,17
940,22
941,13
942,16
943,18
944,22
945,16
946,17
947,18
948,18
949,15
950,19
951,16
952,14
953,18
954,13
955,15
956,15
957,18
958,17
959,16
960,16
961,15
962,17
963,18
964,13
965,15
966,16
967,15
968,18
969,21
970,15
971,18
972,18
973,20
974,18
975,17
976,16
977,17
978,20
979,16
980,17
981,17
982,13
983,19
984,15
985,12
986,15
987,15
988,20
989,18
990,18
991,16
992,13
993,15
994,20
995,16
996,18
997,19
998,18
999,17
1000,19
1001,15
1002,16
1003,15
1004,18
1005,15
1006,19
1007,17
1008,15
1009,15
1010,16
1011,17
1012,16
1013,20
1014,15
1015,19
1016,17
1017,17
1018,21
1019,14
1020,16
1021,15
1022,18
1023,16
1024,16
1025,17
1026,13
1027,15
1028,16
1029,17
1030,19
1031,13
1032,20
1033,17
1034,19
1035,17
1036,18
1037,14
1038,16
1039,16
1040,16
1041,16
1042,17
1043,14
1044,14
1045,15
1046,15
1047,14
1048,16
1049,18
1050,16
1051,16
1052,15
1053,16
1054,18
1055,17
1056,18
1057,18
1058,16
1059,15
1060,18
1061,14
1062,17
1063,15
1064,15
1065,18
1066,15
1067,18
1068,12
1069,14
1070,17
1071,15
1072,16
1073,17
1074,16
1075,20
1076,16
1077,14
1078,19
1079,15
1080,20
1081,14
1082,16
1083,14
1084,12
1085,14
1086,14
1087,13
1088,16
1089,15
1090,15
1091,16
1092,19
1093,14
1094,14
1095,19
1096,17
1097,16
1098,12
1099,16
1100,14
1101,16
1102,14
1103,17
1104,15
1105,16
1106,15
1107,17
1108,15
1109,14
1110,11
1111,15
1112,19
1113,17
1114,20
1115,12
1116,14
1117,16
1118,14
1119,11
1120,14
1121,16
1122,15
1123,17
1124,14
1125,16
1126,15
1127,17
1128,13
1129,17
1130,15
1131,17
1132,13
1133,15
1134,16
1135,15
1136,14
1137,16
1138,12
1139,15
1140,16
1141,16
1142,10
1143,18
1144,13
1145,12
1146,16
1147,15
1148,13
1149,18
1150,14
1151,16
1152,16
1153,20
1154,15
1155,16
1156,18
1157,14
1158,13
1159,15
1160,14
1161,15
1162,14
1163,17
1164,15
1165,16
1166,13
1167,15
1168,14
1169,16
1170,14
1171,14
1172,13
1173,11
1174,17
1175,15
1176,16
1177,14
1178,15
1179,14
1180,17
1181,16
1182,13
1183,14
1184,16
1185,14
1186,16
1187,14
1188,16
1189,13
1190,15
1191,14
1192,14
1193,15
1194,17
1195,14
1196,14
1197,16
1198,11
1199,15
1200,15
1201,15
1202,12
1203,14
1204,13
1205,13
1206,13
1207,14
1208,14
1209,15
1210,13
1211,15
1212,14
1213,17
1214,13
1215,13
1216,16
1217,14
1218,15
1219,13
1220,11
1221,15
1222,18
1223,16
1224,13
1225,14
1226,13
1227,12
1228,17
1229,15
1230,13
1231,15
1232,17
1233,12
1234,13
1235,18
1236,11
1237,14
1238,16
1239,14
1240,15
1241,15
1242,12
1243,15
1244,15
1245,12
1246,16
1247,15
1248,14
1249,11
1250,12
1251,11
1252,12
1253,10
1254,10
1255,10
1256,8
1257,9
1258,10
1259,12
1260,12
1261,13
1262,11
1263,13
1264,15
1265,9
1266,11
1267,13
1268,10
1269,12
1270,9
1271,11
1272,9
1273,7
1274,11
1275,10
1276,11
1277,11
1278,12
1279,14
1280,11
1281,9
1282,12
1283,9
1284,12
1285,9
1286,10
1287,12
1288,11
1289,8
1290,14
1291,9
1292,11
1293,11
1294,12
1295,12
1296,10
1297,10
1298,12
1299,11
1300,12
1301,10
1302,13
1303,14
1304,11
1305,11
1306,8
1307,12
1308,10
1309,11
1310,12
1311,10
1312,14
1313,9
1314,11
1315,13
1316,13
1317,11
1318,10
1319,12
1320,8
1321,13
1322,11
1323,11
1324,8
1325,11
1326,11
1327,9
1328,11
1329,9
1330,10
1331,10
1332,10
1333,12
1334,10
1335,8
1336,14
1337,16
1338,11
1339,8
1340,11
1341,9
1342,11
1343,10
1344,10
1345,8
1346,12
1347,9
1348,9
1349,11
1350,9
1351,13
1352,11
1353,12
1354,8
1355,11
1356,12
1357,10
1358,15
1359,7
1360,7
1361,10
1362,11
1363,13
1364,12
1365,11
1366,11
1367,14
1368,12
1369,10
1370,15
1371,12
1372,7
1373,12
1374,5
1375,9
1376,10
1377,13
1378,8
1379,11
1380,9
1381,14
1382,7
1383,11
1384,11
1385,8
1386,14
1387,15
1388,9
1389,12
1390,9
1391,12
1392,10
1393,11
1394,9
1395,10
1396,11
1397,12
1398,10
1399,8
1400,10
1401,13
1402,8
1403,10
1404,9
1405,13
1406,9
1407,10
1408,9
1409,11
1410,10
1411,11
1412,9
1413,11
1414,13
1415,13
1416,8
1417,11
1418,10
1419,12
1420,10
1421,11
1422,13
1423,12
1424,11
1425,12
1426,11
1427,10
1428,11
1429,8
1430,8
1431,12
1432,10
1433,7
1434,10
1435,7
1436,11
1437,10
1438,15
1439,10
1440,11
1441,11
1442,9
1443,13
1444,11
1445,9
1446,10
1447,12
1448,13
1449,9
1450,8
1451,8
1452,11
1453,11
1454,11
1455,11
1456,8
1457,12
1458,6
1459,9
1460,10
1461,14
1462,13
1463,7
1464,11
1465,11
1466,11
1467,7
1468,13
1469,9
1470,15
1471,12
1472,9
1473,10
1474,10
1475,8
1476,8
1477,9
1478,15
1479,12
1480,8
1481,10
1482,15
1483,11
1484,7
1485,10
1486,11
1487,13
1488,9
1489,7
1490,11
1491,11
1492,9
1493,10
1494,13
1495,7
1496,11
1497,13
1498,7
1499,10
1500,10
1501,13
1502,8
1503,7
1504,11
1505,12
1506,10
1507,11
1508,13
1509,13
1510,10
1511,11
1512,6
1513,12
1514,9
1515,12
1516,9
1517,8
1518,11
1519,13
1520,9
1521,10
1522,8
1523,11
1524,11
1525,10
1526,7
1527,9
1528,10
1529,13
1530,12
1531,13
1532,11
1533,11
1534,10
1535,11
1536,12
1537,11
1538,9
1539,12
1540,9
1541,12
1542,11
1543,10
1544,9
1545,12
1546,10
1547,9
1548,8
1549,11
1550,11
1551,12
1552,10
1553,13
1554,9
1555,11
1556,10
1557,9
1558,12
1559,7
1560,10
1561,8
1562,8
1563,7
1564,9
1565,9
1566,10
1567,12
1568,10
1569,10
1570,7
1571,9
1572,12
1573,14
1574,8
1575,7
1576,12
1577,12
1578,7
1579,10
1580,12
1581,11
1582,10
1583,9
1584,10
1585,9
1586,10
1587,7
1588,9
1589,10
1590,10
1591,12
1592,9
1593,7
1594,11
1595,12
1596,13
1597,12
1598,11
1599,12
1600,10
1601,9
1602,11
1603,11
1604,13
1605,6
1606,9
1607,10
1608,7
1609,10
1610,11
1611,12
1612,11
1613,12
1614,9
1615,9
1616,10
1617,14
1618,7
1619,12
1620,10
1621,9
1622,12
1623,9
1624,7
1625,9
1626,12
1627,10
1628,9
1629,12
1630,8
1631,10
1632,8
1633,13
1634,7
1635,11
1636,10
1637,9
1638,13
1639,9
1640,8
1641,13
1642,7
1643,8
1644,9
1645,9
1646,9
1647,10
1648,10
1649,12
1650,12
1651,7
1652,12
1653,8
1654,10
1655,7
1656,10
1657,12
1658,10
1659,13
1660,9
1661,10
1662,8
1663,12
1664,7
1665,10
1666,6
1667,11
1668,12
1669,10
1670,9
1671,11
1672,11
1673,8
1674,9
1675,10
1676,12
1677,11
1678,11
1679,10
1680,10
1681,12
1682,9
1683,13
1684,9
1685,9
1686,8
1687,12
1688,10
1689,9
1690,11
1691,9
1692,8
1693,11
1694,9
1695,9
1696,10
1697,9
1698,9
1699,7
1700,7
1701,9
1702,10
1703,6
1704,7
1705,8
1706,7
1707,9
1708,10
1709,12
1710,8
1711,10
1712,12
1713,9
1714,9
1715,10
1716,10
1717,11
1718,11
1719,10
1720,9
1721,9
1722,11
1723,6
1724,7
1725,10
1726,10
1727,10
1728,8
1729,9
1730,11
1731,9
1732,13
1733,9
1734,13
1735,11
1736,10
1737,8
1738,7
1739,11
1740,9
1741,11
1742,9
1743,9
1744,10
1745,9
1746,11
1747,10
1748,10
1749,8
1750,7
1751,10
1752,8
1753,11
1754,10
1755,9
1756,12
1757,9
1758,9
1759,10
1760,9
1761,8
1762,8
1763,12
1764,10
1765,8
1766,9
1767,8
1768,10
1769,8
1770,11
1771,10
1772,11
1773,9
1774,11
1775,14
1776,10
1777,9
1778,9
1779,9
1780,12
1781,7
1782,7
1783,8
1784,10
1785,12
1786,11
1787,8
1788,10
1789,8
1790,10
1791,10
1792,8
1793,12
1794,9
1795,10
1796,10
1797,9
1798,9
1799,10
1800,10
1801,11
1802,12
1803,8
1804,8
1805,11
1806,9
1807,10
1808,10
1809,12
1810,9
1811,9
1812,10
1813,12
1814,6
1815,11
1816,9
1817,9
1818,8
1819,8
1820,11
1821,12
1822,10
1823,6
1824,14
1825,7
1826,12
1827,12
1828,9
1829,11
1830,9
1831,11
1832,8
1833,9
1834,8
1835,12
1836,15
1837,9
1838,8
1839,10
1840,8
1841,9
1842,7
1843,11
1844,9
1845,8
1846,8
1847,8
1848,11
1849,9
1850,9
1851,12
1852,8
1853,6
1854,8
1855,8
1856,9
1857,9
1858,13
1859,10
1860,13
1861,11
1862,4
1863,8
1864,12
1865,8
1866,9
1867,6
1868,8
1869,6
1870,9
1871,9
1872,10
1873,8
1874,9
1875,8
1876,9
1877,10
1878,6
1879,8
1880,10
1881,13
1882,10
1883,5
1884,10
1885,7
1886,10
1887,10
1888,9
1889,10
1890,11
1891,8
1892,9
1893,11
1894,7
1895,8
1896,11
1897,8
1898,11
1899,7
1900,9
1901,8
1902,12
1903,10
1904,7
1905,7
1906,10
1907,8
1908,11
1909,9
1910,7
1911,7
1912,10
1913,8
1914,8
1915,8
1916,12
1917,9
1918,10
1919,6
1920,12
1921,8
1922,9
1923,8
1924,9
1925,7
1926,10
1927,9
1928,11
1929,8
1930,6
1931,9
1932,8
1933,9
1934,8
1935,7
1936,10
1937,10
1938,8
1939,12
1940,10
1941,8
1942,8
1943,11
1944,7
1945,9
1946,11
1947,12
1948,9
1949,10
1950,9
1951,9
1952,10
1953,9
1954,9
1955,8
1956,11
1957,10
1958,12
1959,8
1960,10
1961,11
1962,6
1963,10
1964,9
1965,5
1966,8
1967,8
1968,11
1969,9
1970,8
1971,6
1972,8
1973,9
1974,7
1975,9
1976,8
1977,11
1978,11
1979,11
1980,8
1981,11
1982,9
1983,9
1984,9
1985,9
1986,6
1987,9
1988,7
1989,10
1990,12
1991,8
1992,8
1993,6
1994,12
1995,10
1996,10
1997,8
1998,11
1999,10
2000,7
2001,7
2002,13
2003,8
2004,8
2005,10
2006,7
2007,7
2008,8
2009,8
2010,11
2011,6
2012,10
2013,12
2014,8
2015,8
2016,12
2017,8
2018,7
2019,7
2020,9
2021,7
2022,11
2023,8
2024,10
2025,9
2026,9
2027,11
2028,10
2029,11
2030,6
2031,9
2032,11
2033,10
2034,6
2035,6
2036,12
2037,12
2038,10
2039,8
2040,7
2041,9
2042,7
2043,9
2044,9
2045,10
2046,10
2047,10
2048,8
2049,10
2050,8
2051,6
2052,11
2053,7
2054,9
2055,6
2056,10
2057,12
2058,5
2059,11
2060,8
2061,10
2062,9
2063,6
2064,8
2065,10
2066,12
2067,9
2068,7
2069,11
2070,10
2071,8
2072,10
2073,10
2074,9
2075,8
2076,7
2077,9
2078,8
2079,8
2080,9
2081,7
2082,11
2083,9
2084,8
2085,9
2086,8
2087,10
2088,6
2089,7
2090,9
2091,7
2092,9
2093,7
2094,8
2095,8
2096,8
2097,8
2098,8
2099,9
2100,8
2101,9
2102,8
2103,8
2104,9
2105,10
2106,8
2107,8
2108,10
2109,11
2110,8
2111,9
2112,9
2113,10
2114,10
2115,12
2116,6
2117,8
2118,8
2119,8
2120,9
2121,10
2122,9
2123,8
2124,8
2125,10
2126,9
2127,6
2128,9
2129,10
2130,7
2131,9
2132,11
2133,7
2134,8
2135,10
2136,8
2137,6
2138,7
2139,7
2140,7
2141,8
2142,10
2143,11
2144,6
2145,9
2146,8
2147,12
2148,8
2149,9
2150,8
2151,8
2152,12
2153,9
2154,8
2155,7
2156,9
2157,9
2158,10
2159,11
2160,6
2161,10
2162,11
2163,8
2164,7
2165,9
2166,8
2167,6
2168,8
2169,5
2170,8
2171,8
2172,7
2173,9
2174,7
2175,7
2176,8
2177,8
2178,9
2179,10
2180,7
2181,10
2182,5
2183,7
2184,9
2185,11
2186,9
2187,9
2188,6
2189,9
2190,6
2191,11
2192,10
2193,10
2194,9
2195,9
2196,9
2197,6
2198,8
2199,8
2200,9
2201,7
2202,8
2203,10
2204,8
2205,9
2206,8
2207,7
2208,11
2209,7
2210,9
2211,8
2212,9
2213,8
2214,9
2215,10
2216,9
2217,7
2218,9
2219,6
2220,10
2221,6
2222,7
2223,9
2224,6
2225,9
2226,11
2227,12
2228,7
2229,10
2230,10
2231,7
2232,7
2233,9
2234,7
2235,10
2236,8
2237,7
2238,9
2239,6
2240,7
2241,7
2242,8
2243,9
2244,8
2245,10
2246,7
2247,9
2248,10
2249,7
2250,8
2251,9
2252,7
2253,9
2254,7
2255,8
2256,11
2257,6
2258,8
2259,9
2260,9
2261,8
2262,9
2263,6
2264,11
2265,7
2266,9
2267,8
2268,8
2269,9
2270,9
2271,9
2272,8
2273,8
2274,8
2275,8
2276,10
2277,6
2278,7
2279,9
2280,8
2281,12
2282,5
2283,8
2284,9
2285,5
2286,7
2287,9
2288,11
2289,8
2290,5
2291,6
2292,8
2293,9
2294,8
2295,10
2296,7
2297,10
2298,5
2299,7
2300,12
2301,7
2302,8
2303,8
2304,9
2305,8
2306,9
2307,12
2308,9
2309,9
2310,8
2311,10
2312,7
2313,5
2314,11
2315,8
2316,7
2317,7
2318,8
2319,10
2320,7
2321,9
2322,7
2323,8
2324,8
2325,6
2326,9
2327,7
2328,11
2329,8
2330,8
2331,9
2332,7
2333,8
2334,7
2335,9
2336,8
2337,9
2338,7
2339,7
2340,8
2341,6
2342,8
2343,8
2344,8
2345,7
2346,8
2347,6
2348,5
2349,9
2350,9
2351,9
2352,8
2353,6
2354,11
2355,10
2356,5
2357,7
2358,9
2359,7
2360,9
2361,12
2362,6
2363,10
2364,8
2365,6
2366,9
2367,7
2368,8
2369,9
2370,8
2371,7
2372,9
2373,9
2374,9
2375,6
2376,9
2377,10
2378,8
2379,8
2380,7
2381,7
2382,9
2383,8
2384,8
2385,7
2386,8
2387,7
2388,9
2389,9
2390,9
2391,9
2392,7
2393,8
2394,7
2395,9
2396,8
2397,7
2398,5
2399,11
2400,6
2401,6
2402,9
2403,8
2404,8
2405,7
2406,6
2407,10
2408,6
2409,6
2410,8
2411,8
2412,7
2413,7
2414,9
2415,7
2416,8
2417,6
2418,9
2419,7
2420,7
2421,6
2422,9
2423,8
2424,8
2425,9
2426,5
2427,6
2428,11
2429,7
2430,7
2431,9
2432,5
2433,7
2434,10
2435,7
2436,9
2437,10
2438,7
2439,10
2440,5
2441,8
2442,5
2443,7
2444,9
2445,9
2446,7
2447,10
2448,9
2449,8
2450,6
2451,7
2452,9
2453,6
2454,9
2455,4
2456,10
2457,10
2458,9
2459,5
2460,11
2461,7
2462,8
2463,11
2464,5
2465,10
2466,9
2467,7
2468,7
2469,6
2470,7
2471,10
2472,9
2473,8
2474,6
2475,8
2476,8
2477,9
2478,7
2479,6
2480,9
2481,10
2482,7
2483,6
2484,10
2485,6
2486,8
2487,7
2488,9
2489,7
2490,8
2491,6
2492,8
2493,9
2494,9
2495,8
2496,9
2497,5
2498,7
2499,8
2500,5
2501,6
2502,7
2503,6
2504,5
2505,8
2506,6
2507,5
2508,6
2509,7
2510,5
2511,5
2512,5
2513,5
2514,5
2515,5
2516,6
2517,6
2518,6
2519,6
2520,5
2521,6
2522,7
2523,7
2524,6
2525,7
2526,6
2527,7
2528,8
2529,7
2530,9
2531,5
2532,6
2533,4
2534,6
2535,4
2536,9
2537,3
2538,6
2539,7
2540,6
2541,5
2542,7
2543,8
2544,5
2545,5
2546,5
2547,5
2548,4
2549,7
2550,6
2551,5
2552,5
2553,8
2554,4
2555,6
2556,6
2557,6
2558,8
2559,7
2560,8
2561,8
2562,5
2563,6
2564,5
2565,6
2566,8
2567,5
2568,5
2569,7
2570,5
2571,6
2572,3
2573,6
2574,5
2575,7
2576,4
2577,5
2578,6
2579,4
2580,5
2581,9
2582,7
2583,7
2584,4
2585,7
2586,6
2587,7
2588,4
2589,9
2590,5
2591,6
2592,7
2593,6
2594,6
2595,5
2596,6
2597,5
2598,7
2599,7
2600,4
2601,7
2602,4
2603,4
2604,5
2605,5
2606,8
2607,6
2608,8
2609,7
2610,6
2611,6
2612,6
2613,6
2614,5
2615,7
2616,4
2617,5
2618,5
2619,6
2620,6
2621,5
2622,5
2623,8
2624,5
2625,8
2626,8
2627,7
2628,4
2629,4
2630,8
2631,7
2632,6
2633,6
2634,9
2635,6
2636,4
2637,8
2638,3
2639,5
2640,9
2641,5
2642,5
2643,7
2644,6
2645,8
2646,4
2647,9
2648,4
2649,5
2650,4
2651,5
2652,5
2653,8
2654,5
2655,6
2656,3
2657,5
2658,7
2659,5
2660,5
2661,7
2662,5
2663,5
2664,6
2665,7
2666,4
2667,6
2668,7
2669,6
2670,6
2671,5
2672,6
2673,6
2674,8
2675,9
2676,6
2677,6
2678,6
2679,4
2680,4
2681,6
2682,6
2683,4
2684,6
2685,8
2686,4
2687,6
2688,6
2689,6
2690,5
2691,5
2692,5
2693,7
2694,4
2695,5
2696,4
2697,6
2698,5
2699,5
2700,7
2701,6
2702,6
2703,7
2704,6
2705,7
2706,5
2707,7
2708,7
2709,7
2710,3
2711,7
2712,5
2713,6
2714,7
2715,6
2716,5
2717,7
2718,9
2719,4
2720,4
2721,5
2722,4
2723,3
2724,6
2725,4
2726,7
2727,7
2728,6
2729,6
2730,7
2731,8
2732,5
2733,6
2734,5
2735,6
2736,9
2737,8
2738,5
2739,7
2740,5
2741,6
2742,9
2743,6
2744,7
2745,4
2746,5
2747,7
2748,5
2749,2
2750,5
2751,5
2752,5
2753,6
2754,5
2755,7
2756,6
2757,4
2758,4
2759,7
2760,4
2761,6
2762,4
2763,8
2764,6
2765,4
2766,4
2767,7
2768,5
2769,7
2770,5
2771,4
2772,5
2773,6
2774,9
2775,7
2776,8
2777,5
2778,4
2779,9
2780,5
2781,5
2782,4
2783,6
2784,8
2785,5
2786,7
2787,5
2788,4
2789,6
2790,4
2791,8
2792,4
2793,7
2794,6
2795,5
2796,7
2797,6
2798,6
2799,4
2800,6
2801,5
2802,7
2803,7
2804,7
2805,7
2806,3
2807,5
2808,6
2809,6
2810,5
2811,7
2812,7
2813,8
2814,3
2815,4
2816,7
2817,5
2818,6
2819,6
2820,5
2821,6
2822,5
2823,8
2824,4
2825,5
2826,5
2827,6
2828,5
2829,6
2830,6
2831,7
2832,4
2833,7
2834,3
2835,7
2836,5
2837,8
2838,4
2839,6
2840,6
2841,6
2842,6
2843,8
2844,5
2845,6
2846,8
2847,6
2848,5
2849,6
2850,6
2851,7
2852,5
2853,5
2854,7
2855,4
2856,6
2857,6
2858,6
2859,6
2860,3
2861,4
2862,5
2863,8
2864,6
2865,6
2866,5
2867,4
2868,4
2869,8
2870,5
2871,5
2872,4
2873,5
2874,4
2875,7
2876,3
2877,9
2878,7
2879,6
2880,5
2881,6
2882,7
2883,6
2884,8
2885,6
2886,6
2887,5
2888,8
2889,5
2890,6
2891,7
2892,4
2893,4
2894,7
2895,5
2896,7
2897,5
2898,8
2899,6
2900,4
2901,4
2902,6
2903,5
2904,5
2905,5
2906,7
2907,7
2908,3
2909,4
2910,6
2911,5
2912,6
2913,5
2914,4
2915,6
2916,8
2917,3
2918,4
2919,6
2920,5
2921,5
2922,6
2923,7
2924,7
2925,8
2926,7
2927,5
2928,4
2929,6
2930,7
2931,6
2932,5
2933,6
2934,6
2935,3
2936,3
2937,8
2938,5
2939,6
2940,4
2941,7
2942,8
2943,7
2944,6
2945,5
2946,6
2947,6
2948,5
2949,4
2950,5
2951,4
2952,6
2953,5
2954,4
2955,6
2956,5
2957,9
2958,8
2959,5
2960,8
2961,5
2962,4
2963,5
2964,6
2965,8
2966,7
2967,6
2968,6
2969,6
2970,4
2971,8
2972,4
2973,5
2974,7
2975,8
2976,6
2977,6
2978,5
2979,5
2980,3
2981,7
2982,4
2983,5
2984,8
2985,5
2986,5
2987,5
2988,6
2989,7
2990,7
2991,5
2992,5
2993,5
2994,5
2995,7
2996,5
2997,5
2998,4
2999,6
3000,6
3001,6
3002,4
3003,9
3004,7
3005,3
3006,8
3007,4
3008,5
3009,8
3010,5
3011,8
3012,5
3013,6
3014,6
3015,5
3016,7
3017,10
3018,5
3019,7
3020,7
3021,5
3022,6
3023,4
3024,8
3025,4
3026,3
3027,6
3028,7
3029,4
3030,6
3031,7
3032,5
3033,5
3034,4
3035,5
3036,5
3037,5
3038,7
3039,7
3040,9
3041,4
3042,6
3043,5
3044,6
3045,5
3046,4
3047,6
3048,7
3049,4
3050,7
3051,6
3052,3
3053,5
3054,4
3055,5
3056,5
3057,5
3058,6
3059,6
3060,9
3061,6
3062,7
3063,7
3064,7
3065,5
3066,7
3067,6
3068,6
3069,6
3070,4
3071,6
3072,7
3073,7
3074,5
3075,7
3076,6
3077,5
3078,3
3079,7
3080,5
3081,8
3082,3
3083,8
3084,7
3085,6
3086,8
3087,4
3088,8
3089,7
3090,4
3091,7
3092,5
3093,3
3094,8
3095,5
3096,6
3097,5
3098,4
3099,8
3100,6
3101,5
3102,6
3103,8
3104,5
3105,6
3106,5
3107,6
3108,7
3109,5
3110,5
3111,6
3112,6
3113,5
3114,6
3115,4
3116,6
3117,6
3118,6
3119,4
3120,5
3121,4
3122,7
3123,4
3124,6
3125,5
3126,4
3127,4
3128,5
3129,7
3130,3
3131,4
3132,6
3133,6
3134,4
3135,6
3136,7
3137,5
3138,6
3139,7
3140,3
3141,4
3142,3
3143,5
3144,3
3145,6
3146,6
3147,7
3148,9
3149,3
3150,7
3151,5
3152,4
3153,5
3154,7
3155,9
3156,4
3157,4
3158,5
3159,5
3160,5
3161,5
3162,6
3163,7
3164,4
3165,5
3166,4
3167,6
3168,5
3169,6
3170,5
3171,4
3172,6
3173,6
3174,5
3175,4
3176,5
3177,5
3178,4
3179,3
3180,7
3181,8
3182,4
3183,5
3184,7
3185,4
3186,4
3187,5
3188,4
3189,7
3190,4
3191,6
3192,6
3193,8
3194,6
3195,6
3196,5
3197,6
3198,6
3199,5
3200,8
3201,5
3202,7
3203,7
3204,3
3205,6
3206,6
3207,6
3208,4
3209,8
3210,7
3211,5
3212,3
3213,5
3214,4
3215,7
3216,4
3217,4
3218,5
3219,8
3220,4
3221,5
3222,7
3223,5
3224,8
3225,8
3226,4
3227,6
3228,6
3229,4
3230,6
3231,5
3232,6
3233,4
3234,6
3235,7
3236,8
3237,3
3238,4
3239,7
3240,7
3241,6
3242,6
3243,6
3244,3
3245,7
3246,6
3247,6
3248,5
3249,5
3250,4
3251,4
3252,6
3253,7
3254,5
3255,5
3256,6
3257,4
3258,6
3259,6
3260,9
3261,5
3262,4
3263,5
3264,5
3265,6
3266,4
3267,8
3268,5
3269,5
3270,4
3271,6
3272,5
3273,6
3274,6
3275,6
3276,5
3277,6
3278,8
3279,5
3280,6
3281,5
3282,3
3283,7
3284,7
3285,4
3286,3
3287,4
3288,6
3289,5
3290,5
3291,6
3292,5
3293,6
3294,5
3295,5
3296,8
3297,7
3298,4
3299,4
3300,8
3301,7
3302,5
3303,5
3304,4
3305,5
3306,7
3307,4
3308,4
3309,3
3310,7
3311,4
3312,4
3313,6
3314,6
3315,5
3316,8
3317,4
3318,7
3319,8
3320,6
3321,2
3322,8
3323,5
3324,6
3325,6
3326,5
3327,7
3328,6
3329,4
3330,6
3331,5
3332,5
3333,3
3334,5
3335,4
3336,7
3337,7
3338,7
3339,7
3340,5
3341,6
3342,5
3343,7
3344,6
3345,5
3346,6
3347,5
3348,4
3349,5
3350,4
3351,6
3352,5
3353,7
3354,7
3355,7
3356,3
3357,7
3358,4
3359,6
3360,5
3361,5
3362,3
3363,4
3364,7
3365,5
3366,6
3367,9
3368,4
3369,7
3370,4
3371,5
3372,4
3373,7
3374,3
3375,7
3376,6
3377,4
3378,7
3379,5
3380,5
3381,7
3382,5
3383,6
3384,6
3385,6
3386,5
3387,5
3388,6
3389,5
3390,4
3391,6
3392,4
3393,6
3394,7
3395,5
3396,5
3397,6
3398,5
3399,5
3400,3
3401,5
3402,5
3403,5
3404,5
3405,6
3406,5
3407,3
3408,5
3409,3
3410,5
3411,5
3412,5
3413,5
3414,4
3415,6
3416,4
3417,4
3418,5
3419,8
3420,5
3421,7
3422,3
3423,7
3424,5
3425,7
3426,7
3427,5
3428,7
3429,5
3430,6
3431,5
3432,5
3433,5
3434,5
3435,7
3436,5
3437,6
3438,6
3439,3
3440,6
3441,6
3442,5
3443,6
3444,4
3445,6
3446,7
3447,5
3448,4
3449,4
3450,5
3451,5
3452,6
3453,5
3454,5
3455,6
3456,6
3457,7
3458,3
3459,4
3460,5
3461,6
3462,6
3463,4
3464,5
3465,5
3466,8
3467,5
3468,3
3469,7
3470,6
3471,8
3472,5
3473,6
3474,5
3475,6
3476,4
3477,5
3478,4
3479,6
3480,6
3481,6
3482,5
3483,5
3484,7
3485,2
3486,9
3487,6
3488,5
3489,4
3490,6
3491,7
3492,3
3493,5
3494,6
3495,6
3496,5
3497,5
3498,6
3499,7
3500,3
3501,5
3502,5
3503,3
3504,7
3505,5
3506,4
3507,4
3508,5
3509,5
3510,5
3511,6
3512,5
3513,7
3514,4
3515,4
3516,7
3517,5
3518,4
3519,6
3520,6
3521,6
3522,5
3523,4
3524,5
3525,4
3526,5
3527,7
3528,6
3529,5
3530,7
3531,4
3532,5
3533,4
3534,7
3535,6
3536,4
3537,6
3538,5
3539,6
3540,3
3541,6
3542,6
3543,6
3544,5
3545,6
3546,6
3547,4
3548,6
3549,6
3550,6
3551,7
3552,7
3553,7
3554,4
3555,8
3556,3
3557,7
3558,3
3559,4
3560,6
3561,5
3562,6
3563,4
3564,5
3565,5
3566,4
3567,5
3568,4
3569,6
3570,5
3571,5
3572,5
3573,5
3574,9
3575,5
3576,5
3577,4
3578,8
3579,5
3580,5
3581,5
3582,5
3583,7
3584,4
3585,5
3586,5
3587,6
3588,9
3589,6
3590,4
3591,4
3592,7
3593,3
3594,8
3595,7
3596,4
3597,7
3598,4
3599,7
3600,4
3601,6
3602,4
3603,5
3604,5
3605,9
3606,5
3607,7
3608,3
3609,4
3610,6
3611,6
3612,4
3613,5
3614,6
3615,5
3616,4
3617,5
3618,6
3619,5
3620,6
3621,5
3622,5
3623,7
3624,4
3625,5
3626,6
3627,6
3628,5
3629,4
3630,4
3631,8
3632,5
3633,6
3634,5
3635,5
3636,5
3637,4
3638,5
3639,3
3640,6
3641,6
3642,6
3643,8
3644,5
3645,7
3646,4
3647,5
3648,3
3649,7
3650,5
3651,3
3652,6
3653,6
3654,6
3655,7
3656,7
3657,7
3658,4
3659,8
3660,4
3661,4
3662,6
3663,7
3664,7
3665,4
3666,5
3667,4
3668,4
3669,4
3670,6
3671,9
3672,5
3673,9
3674,7
3675,4
3676,6
3677,4
3678,5
3679,5
3680,5
3681,4
3682,5
3683,5
3684,5
3685,4
3686,4
3687,4
3688,7
3689,6
3690,4
3691,5
3692,5
3693,4
3694,7
3695,5
3696,4
3697,6
3698,5
3699,5
3700,5
3701,4
3702,6
3703,5
3704,8
3705,5
3706,5
3707,4
3708,4
3709,4
3710,7
3711,3
3712,7
3713,5
3714,6
3715,6
3716,4
3717,7
3718,6
3719,6
3720,5
3721,6
3722,6
3723,7
3724,5
3725,3
3726,3
3727,4
3728,5
3729,8
3730,5
3731,4
3732,5
3733,5
3734,6
3735,3
3736,6
3737,5
3738,5
3739,4
3740,4
3741,3
3742,7
3743,3
3744,8
3745,7
3746,4
3747,4
3748,4
3749,5
3750,5
3751,5
3752,5
3753,4
3754,4
3755,5
3756,6
3757,5
3758,3
3759,3
3760,5
3761,6
3762,5
3763,6
3764,9
3765,6
3766,6
3767,3
3768,3
3769,6
3770,6
3771,4
3772,4
3773,4
3774,5
3775,4
3776,7
3777,5
3778,4
3779,6
3780,5
3781,7
3782,7
3783,3
3784,4
3785,4
3786,7
3787,5
3788,7
3789,4
3790,6
3791,5
3792,5
3793,7
3794,6
3795,4
3796,5
3797,4
3798,7
3799,4
3800,4
3801,5
3802,3
3803,3
3804,6
3805,6
3806,7
3807,5
3808,7
3809,5
3810,4
3811,5
3812,4
3813,6
3814,3
3815,5
3816,4
3817,6
3818,6
3819,4
3820,5
3821,5
3822,3
3823,3
3824,5
3825,5
3826,5
3827,4
3828,6
3829,3
3830,5
3831,4
3832,4
3833,5
3834,4
3835,4
3836,7
3837,7
3838,5
3839,4
3840,3
3841,6
3842,5
3843,4
3844,5
3845,6
3846,4
3847,3
3848,5
3849,5
3850,4
3851,3
3852,5
3853,5
3854,5
3855,5
3856,5
3857,6
3858,7
3859,4
3860,4
3861,4
3862,4
3863,5
3864,5
3865,5
3866,3
3867,5
3868,6
3869,5
3870,4
3871,6
3872,3
3873,6
3874,4
3875,6
3876,5
3877,5
3878,4
3879,7
3880,4
3881,6
3882,5
3883,3
3884,5
3885,6
3886,4
3887,6
3888,5
3889,5
3890,4
3891,6
3892,5
3893,3
3894,9
3895,7
3896,5
3897,5
3898,4
3899,5
3900,5
3901,6
3902,5
3903,4
3904,6
3905,4
3906,6
3907,5
3908,5
3909,3
3910,7
3911,5
3912,5
3913,3
3914,8
3915,6
3916,3
3917,4
3918,8
3919,6
3920,4
3921,5
3922,6
3923,5
3924,6
3925,3
3926,5
3927,5
3928,5
3929,5
3930,7
3931,4
3932,3
3933,5
3934,5
3935,4
3936,6
3937,8
3938,4
3939,3
3940,5
3941,5
3942,4
3943,3
3944,4
3945,3
3946,5
3947,4
3948,4
3949,4
3950,5
3951,5
3952,5
3953,7
3954,3
3955,6
3956,5
3957,7
3958,4
3959,5
3960,7
3961,6
3962,4
3963,7
3964,5
3965,4
3966,5
3967,4
3968,7
3969,6
3970,4
3971,5
3972,5
3973,4
3974,4
3975,6
3976,4
3977,7
3978,2
3979,4
3980,7
3981,6
3982,5
3983,7
3984,3
3985,5
3986,4
3987,6
3988,3
3989,8
3990,4
3991,5
3992,5
3993,7
3994,6
3995,4
3996,6
3997,6
3998,6
3999,7
4000,4
4001,4
4002,5
4003,5
4004,4
4005,6
4006,7
4007,6
4008,4
4009,3
4010,5
4011,5
4012,5
4013,5
4014,4
4015,5
4016,3
4017,3
4018,5
4019,5
4020,4
4021,8
4022,4
4023,2
4024,5
4025,3
4026,6
4027,7
4028,5
4029,4
4030,3
4031,7
4032,4
4033,5
4034,7
4035,5
4036,4
4037,3
4038,5
4039,5
4040,3
4041,3
4042,5
4043,3
4044,3
4045,8
4046,5
4047,3
4048,6
4049,4
4050,6
4051,4
4052,4
4053,6
4054,5
4055,5
4056,7
4057,5
4058,6
4059,4
4060,9
4061,3
4062,3
4063,3
4064,7
4065,7
4066,4
4067,4
4068,8
4069,3
4070,4
4071,3
4072,5
4073,5
4074,7
4075,5
4076,7
4077,6
4078,6
4079,6
4080,4
4081,4
4082,5
4083,5
4084,7
4085,5
4086,4
4087,4
4088,4
4089,6
4090,4
4091,4
4092,7
4093,8
4094,3
4095,6
4096,4
4097,4
4098,5
4099,5
4100,6
4101,6
4102,4
4103,3
4104,4
4105,5
4106,7
4107,3
4108,5
4109,6
4110,3
4111,4
4112,4
4113,3
4114,6
4115,6
4116,5
4117,4
4118,3
4119,7
4120,6
4121,3
4122,6
4123,6
4124,6
4125,6
4126,5
4127,4
4128,4
4129,5
4130,4
4131,4
4132,7
4133,7
4134,5
4135,4
4136,7
4137,4
4138,5
4139,5
4140,7
4141,7
4142,5
4143,3
4144,5
4145,7
4146,4
4147,4
4148,5
4149,8
4150,3
4151,4
4152,4
4153,5
4154,3
4155,6
4156,5
4157,4
4158,6
4159,4
4160,5
4161,6
4162,3
4163,5
4164,3
4165,5
4166,5
4167,4
4168,7
4169,4
4170,6
4171,5
4172,5
4173,6
4174,4
4175,4
4176,7
4177,3
4178,4
4179,4
4180,5
4181,3
4182,6
4183,3
4184,4
4185,6
4186,4
4187,4
4188,5
4189,6
4190,4
4191,5
4192,4
4193,4
4194,5
4195,3
4196,6
4197,4
4198,6
4199,5
4200,6
4201,5
4202,4
4203,5
4204,6
4205,6
4206,4
4207,6
4208,3
4209,5
4210,6
4211,4
4212,6
4213,6
4214,4
4215,3
4216,6
4217,6
4218,6
4219,3
4220,6
4221,6
4222,3
4223,6
4224,3
4225,5
4226,4
4227,6
4228,5
4229,5
4230,5
4231,7
4232,5
4233,3
4234,4
4235,5
4236,4
4237,5
4238,5
4239,5
4240,5
4241,4
4242,6
4243,6
4244,6
4245,5
4246,5
4247,4
4248,5
4249,4
4250,4
4251,5
4252,4
4253,6
4254,4
4255,4
4256,3
4257,6
4258,5
4259,4
4260,6
4261,4
4262,5
4263,7
4264,3
4265,5
4266,7
4267,3
4268,4
4269,6
4270,4
4271,7
4272,3
4273,4
4274,4
4275,4
4276,4
4277,6
4278,2
4279,3
4280,4
4281,4
4282,4
4283,6
4284,3
4285,4
4286,6
4287,7
4288,5
4289,3
4290,5
4291,5
4292,6
4293,4
4294,5
4295,8
4296,5
4297,4
4298,5
4299,5
4300,6
4301,4
4302,4
4303,6
4304,4
4305,7
4306,6
4307,4
4308,5
4309,5
4310,5
4311,6
4312,4
4313,4
4314,6
4315,7
4316,4
4317,5
4318,5
4319,6
4320,5
4321,5
4322,3
4323,5
4324,7
4325,5
4326,6
4327,3
4328,7
4329,2
4330,5
4331,4
4332,6
4333,6
4334,5
4335,4
4336,4
4337,4
4338,5
4339,3
4340,4
4341,3
4342,7
4343,3
4344,6
4345,3
4346,6
4347,5
4348,6
4349,4
4350,5
4351,4
4352,5
4353,5
4354,5
4355,3
4356,5
4357,4
4358,6
4359,6
4360,5
4361,4
4362,4
4363,5
4364,5
4365,4
4366,2
4367,4
4368,5
4369,6
4370,5
4371,5
4372,8
4373,5
4374,6
4375,4
4376,5
4377,4
4378,4
4379,5
4380,6
4381,4
4382,5
4383,3
4384,8
4385,5
4386,7
4387,5
4388,5
4389,4
4390,5
4391,5
4392,5
4393,4
4394,6
4395,4
4396,4
4397,5
4398,4
4399,4
4400,6
4401,7
4402,5
4403,5
4404,4
4405,4
4406,4
4407,4
4408,8
4409,4
4410,4
4411,4
4412,6
4413,3
4414,6
4415,3
4416,4
4417,6
4418,6
4419,5
4420,4
4421,4
4422,7
4423,3
4424,5
4425,6
4426,5
4427,4
4428,4
4429,5
4430,5
4431,5
4432,5
4433,8
4434,4
4435,6
4436,3
4437,6
4438,4
4439,3
4440,3
4441,5
4442,5
4443,5
4444,3
4445,6
4446,4
4447,6
4448,5
4449,4
4450,4
4451,7
4452,3
4453,5
4454,8
4455,5
4456,5
4457,4
4458,5
4459,6
4460,3
4461,4
4462,7
4463,4
4464,4
4465,4
4466,5
4467,6
4468,5
4469,5
4470,4
4471,4
4472,6
4473,5
4474,4
4475,5
4476,4
4477,5
4478,4
4479,4
4480,3
4481,6
4482,3
4483,4
4484,3
4485,5
4486,4
4487,6
4488,4
4489,4
4490,6
4491,4
4492,5
4493,4
4494,6
4495,5
4496,5
4497,5
4498,4
4499,5
4500,3
4501,3
4502,3
4503,6
4504,3
4505,4
4506,5
4507,5
4508,5
4509,3
4510,5
4511,3
4512,6
4513,5
4514,7
4515,6
4516,3
4517,5
4518,4
4519,5
4520,5
4521,5
4522,5
4523,3
4524,5
4525,7
4526,4
4527,5
4528,3
4529,3
4530,7
4531,4
4532,5
4533,6
4534,3
4535,3
4536,3
4537,6
4538,4
4539,4
4540,5
4541,5
4542,6
4543,4
4544,7
4545,4
4546,5
4547,5
4548,4
4549,4
4550,6
4551,5
4552,5
4553,5
4554,5
4555,3
4556,5
4557,3
4558,5
4559,4
4560,6
4561,5
4562,4
4563,7
4564,7
4565,4
4566,4
4567,3
4568,5
4569,4
4570,6
4571,3
4572,3
4573,4
4574,4
4575,5
4576,3
4577,7
4578,5
4579,5
4580,4
4581,4
4582,3
4583,3
4584,5
4585,5
4586,5
4587,5
4588,5
4589,6
4590,3
4591,6
4592,5
4593,3
4594,4
4595,6
4596,3
4597,4
4598,3
4599,5
4600,4
4601,7
4602,4
4603,3
4604,4
4605,5
4606,3
4607,6
4608,4
4609,4
4610,6
4611,6
4612,3
4613,4
4614,3
4615,9
4616,4
4617,5
4618,4
4619,4
4620,7
4621,5
4622,5
4623,7
4624,4
4625,5
4626,3
4627,3
4628,3
4629,6
4630,6
4631,4
4632,4
4633,5
4634,4
4635,4
4636,5
4637,5
4638,4
4639,7
4640,4
4641,5
4642,4
4643,5
4644,6
4645,4
4646,5
4647,6
4648,3
4649,7
4650,3
4651,5
4652,3
4653,2
4654,7
4655,5
4656,5
4657,6
4658,7
4659,4
4660,6
4661,5
4662,4
4663,5
4664,5
4665,3
4666,7
4667,4
4668,5
4669,4
4670,3
4671,4
4672,6
4673,7
4674,2
4675,3
4676,7
4677,6
4678,2
4679,6
4680,3
4681,4
4682,6
4683,5
4684,3
4685,6
4686,3
4687,3
4688,5
4689,5
4690,5
4691,4
4692,4
4693,4
4694,5
4695,4
4696,4
4697,3
4698,3
4699,6
4700,5
4701,3
4702,6
4703,5
4704,5
4705,4
4706,5
4707,3
4708,5
4709,7
4710,6
4711,3
4712,6
4713,3
4714,5
4715,5
4716,4
4717,4
4718,5
4719,3
4720,5
4721,6
4722,3
4723,5
4724,6
4725,3
4726,5
4727,5
4728,5
4729,4
4730,6
4731,5
4732,3
4733,4
4734,6
4735,3
4736,5
4737,4
4738,6
4739,4
4740,6
4741,4
4742,4
4743,4
4744,5
4745,4
4746,5
4747,6
4748,3
4749,6
4750,5
4751,4
4752,3
4753,5
4754,6
4755,7
4756,5
4757,4
4758,5
4759,5
4760,3
4761,4
4762,5
4763,4
4764,5
4765,5
4766,5
4767,6
4768,4
4769,3
4770,5
4771,4
4772,5
4773,3
4774,6
4775,4
4776,4
4777,6
4778,4
4779,5
4780,3
4781,5
4782,5
4783,5
4784,5
4785,4
4786,4
4787,4
4788,5
4789,4
4790,5
4791,6
4792,4
4793,6
4794,4
4795,6
4796,3
4797,4
4798,3
4799,6
4800,7
4801,3
4802,3
4803,2
4804,6
4805,6
4806,5
4807,6
4808,4
4809,5
4810,5
4811,4
4812,4
4813,3
4814,6
4815,4
4816,6
4817,3
4818,4
4819,5
4820,4
4821,6
4822,5
4823,6
4824,4
4825,3
4826,5
4827,3
4828,4
4829,4
4830,7
4831,4
4832,4
4833,4
4834,5
4835,3
4836,5
4837,4
4838,6
4839,4
4840,4
4841,4
4842,3
4843,4
4844,3
4845,4
4846,4
4847,4
4848,5
4849,6
4850,5
4851,5
4852,4
4853,3
4854,5
4855,3
4856,4
4857,6
4858,7
4859,4
4860,3
4861,3
4862,4
4863,5
4864,4
4865,3
4866,4
4867,3
4868,6
4869,5
4870,5
4871,5
4872,4
4873,5
4874,5
4875,5
4876,5
4877,5
4878,3
4879,5
4880,4
4881,3
4882,3
4883,4
4884,3
4885,3
4886,3
4887,4
4888,4
4889,5
4890,5
4891,4
4892,4
4893,4
4894,4
4895,5
4896,6
4897,5
4898,4
4899,3
4900,6
4901,4
4902,2
4903,4
4904,4
4905,5
4906,5
4907,4
4908,4
4909,4
4910,4
4911,2
4912,4
4913,5
4914,5
4915,5
4916,6
4917,7
4918,3
4919,4
4920,3
4921,5
4922,5
4923,5
4924,3
4925,4
4926,5
4927,6
4928,5
4929,4
4930,3
4931,7
4932,3
4933,5
4934,5
4935,5
4936,5
4937,4
4938,4
4939,4
4940,5
4941,3
4942,4
4943,5
4944,4
4945,3
4946,6
4947,5
4948,4
4949,4
4950,4
4951,4
4952,5
4953,5
4954,4
4955,4
4956,6
4957,4
4958,5
4959,4
4960,4
4961,4
4962,4
4963,7
4964,3
4965,4
4966,4
4967,4
4968,4
4969,5
4970,5
4971,4
4972,4
4973,5
4974,4
4975,5
4976,5
4977,6
4978,4
4979,5
4980,4
4981,4
4982,4
4983,4
4984,3
4985,4
4986,6
4987,3
4988,7
4989,5
4990,5
4991,6
4992,4
4993,4
4994,6
4995,4
4996,3
4997,4
4998,5
4999,4
5000,2
5001,1
5002,2
5003,1
5004,3
5005,3
5006,3
5007,1
5008,4
5009,3
5010,3
5011,2
5012,2
5013,2
5014,3
5015,3
5016,1
5017,3
5018,1
5019,4
5020,2
5021,2
5022,2
5023,1
5024,4
5025,2
5026,1
5027,1
5028,3
5029,1
5030,4
5031,3
5032,2
5033,2
5034,4
5035,2
5036,4
5037,2
5038,1
5039,4
5040,1
5041,3
5042,2
5043,4
5044,1
5045,2
5046,3
5047,1
5048,4
5049,3
5050,2
5051,2
5052,4
5053,2
5054,2
5055,3
5056,4
5057,2
5058,4
5059,1
5060,3
5061,3
5062,6
5063,2
5064,1
5065,2
5066,3
5067,3
5068,1
5069,1
5070,4
5071,1
5072,3
5073,3
5074,3
5075,1
5076,1
5077,2
5078,4
5079,3
5080,3
5081,2
5082,3
5083,2
5084,2
5085,5
5086,1
5087,4
5088,1
5089,2
5090,1
5091,4
5092,1
5093,1
5094,3
5095,1
5096,2
5097,2
5098,2
5099,3
5100,3
5101,4
5102,2
5103,1
5104,3
5105,2
5106,2
5107,3
5108,3
5109,2
5110,1
5111,1
5112,2
5113,4
5114,2
5115,2
5116,3
5117,2
5118,3
5119,3
5120,2
5121,2
5122,4
5123,2
5124,2
5125,2
5126,2
5127,3
5128,1
5129,2
5130,2
5131,2
5132,2
5133,3
5134,4
5135,1
5136,3
5137,2
5138,1
5139,1
5140,3
5141,3
5142,2
5143,3
5144,2
5145,2
5146,1
5147,3
5148,2
5149,2
5150,2
5151,4
5152,1
5153,3
5154,1
5155,2
5156,2
5157,3
5158,2
5159,1
5160,2
5161,2
5162,2
5163,3
5164,5
5165,3
5166,4
5167,2
5168,2
5169,1
5170,3
5171,2
5172,3
5173,1
5174,3
5175,3
5176,2
5177,3
5178,1
5179,4
5180,3
5181,1
5182,2
5183,2
5184,3
5185,2
5186,3
5187,2
5188,1
5189,2
5190,2
5191,2
5192,2
5193,1
5194,3
5195,2
5196,2
5197,3
5198,1
5199,4
5200,2
5201,1
5202,2
5203,3
5204,2
5205,2
5206,1
5207,1
5208,1
5209,1
5210,5
5211,1
5212,1
5213,3
5214,3
5215,4
5216,2
5217,3
5218,3
5219,4
5220,2
5221,2
5222,2
5223,3
5224,2
5225,2
5226,2
5227,3
5228,1
5229,3
5230,1
5231,5
5232,1
5233,3
5234,1
5235,2
5236,1
5237,2
5238,1
5239,4
5240,1
5241,3
5242,2
5243,2
5244,3
5245,3
5246,1
5247,2
5248,4
5249,1
5250,3
5251,2
5252,4
5253,5
5254,3
5255,4
5256,2
5257,1
5258,3
5259,1
5260,1
5261,4
5262,3
5263,1
5264,4
5265,4
5266,2
5267,4
5268,2
5269,4
5270,4
5271,2
5272,3
5273,2
5274,3
5275,4
5276,3
5277,1
5278,2
5279,2
5280,3
5281,2
5282,4
5283,2
5284,2
5285,2
5286,2
5287,3
5288,4
5289,1
5290,3
5291,3
5292,4
5293,1
5294,2
5295,4
5296,4
5297,1
5298,1
5299,2
5300,1
5301,1
5302,3
5303,2
5304,2
5305,3
5306,2
5307,4
5308,3
5309,2
5310,2
5311,2
5312,1
5313,1
5314,1
5315,3
5316,2
5317,2
5318,2
5319,1
5320,1
5321,1
5322,1
5323,2
5324,1
5325,2
5326,2
5327,1
5328,2
5329,3
5330,1
5331,4
5332,2
5333,2
5334,1
5335,3
5336,2
5337,5
5338,2
5339,4
5340,2
5341,4
5342,2
5343,2
5344,2
5345,2
5346,2
5347,3
5348,2
5349,2
5350,2
5351,5
5352,3
5353,3
5354,3
5355,3
5356,2
5357,2
5358,4
5359,1
5360,2
5361,1
5362,2
5363,3
5364,2
5365,2
5366,3
5367,1
5368,1
5369,2
5370,4
5371,2
5372,4
5373,2
5374,2
5375,3
5376,1
5377,3
5378,2
5379,2
5380,4
5381,4
5382,1
5383,2
5384,1
5385,2
5386,3
5387,3
5388,3
5389,2
5390,2
5391,4
5392,1
5393,2
5394,1
5395,2
5396,3
5397,1
5398,1
5399,1
5400,2
5401,2
5402,2
5403,3
5404,3
5405,1
5406,4
5407,5
5408,2
5409,4
5410,2
5411,3
5412,2
5413,2
5414,2
5415,2
5416,2
5417,3
5418,3
5419,3
5420,4
5421,1
5422,2
5423,3
5424,2
5425,3
5426,1
5427,4
5428,1
5429,3
5430,3
5431,3
5432,2
5433,1
5434,3
5435,2
5436,3
5437,5
5438,3
5439,1
5440,2
5441,2
5442,2
5443,2
5444,1
5445,1
5446,2
5447,1
5448,1
5449,3
5450,2
5451,1
5452,4
5453,4
5454,2
5455,3
5456,2
5457,1
5458,3
5459,3
5460,1
5461,4
5462,2
5463,4
5464,2
5465,3
5466,1
5467,2
5468,2
5469,2
5470,3
5471,4
5472,2
5473,4
5474,4
5475,3
5476,4
5477,1
5478,2
5479,2
5480,3
5481,1
5482,3
5483,2
5484,2
5485,3
5486,3
5487,4
5488,2
5489,2
5490,3
5491,2
5492,1
5493,3
5494,2
5495,3
5496,3
5497,2
5498,1
5499,1
5500,2
5501,2
5502,2
5503,3
5504,1
5505,2
5506,3
5507,2
5508,2
5509,4
5510,1
5511,3
5512,3
5513,2
5514,3
5515,1
5516,1
5517,2
5518,1
5519,2
5520,5
5521,1
5522,1
5523,4
5524,1
5525,1
5526,2
5527,3
5528,4
5529,2
5530,2
5531,2
5532,1
5533,4
5534,1
5535,3
5536,3
5537,2
5538,1
5539,3
5540,2
5541,2
5542,3
5543,3
5544,2
5545,2
5546,3
5547,1
5548,3
5549,5
5550,3
5551,2
5552,3
5553,3
5554,5
5555,2
5556,3
5557,3
5558,2
5559,6
5560,2
5561,2
5562,1
5563,1
5564,3
5565,1
5566,2
5567,4
5568,2
5569,2
5570,4
5571,2
5572,2
5573,3
5574,2
5575,2
5576,2
5577,2
5578,2
5579,3
5580,2
5581,1
5582,3
5583,3
5584,2
5585,1
5586,3
5587,3
5588,3
5589,4
5590,2
5591,2
5592,3
5593,3
5594,3
5595,3
5596,2
5597,3
5598,3
5599,2
5600,1
5601,2
5602,4
5603,3
5604,1
5605,4
5606,2
5607,4
5608,3
5609,2
5610,4
5611,3
5612,2
5613,1
5614,2
5615,2
5616,1
5617,3
5618,2
5619,2
5620,3
5621,2
5622,1
5623,3
5624,2
5625,4
5626,2
5627,5
5628,2
5629,2
5630,1
5631,1
5632,3
5633,3
5634,3
5635,1
5636,1
5637,3
5638,3
5639,3
5640,2
5641,3
5642,1
5643,3
5644,2
5645,5
5646,1
5647,2
5648,2
5649,2
5650,2
5651,1
5652,2
5653,2
5654,2
5655,2
5656,3
5657,1
5658,2
5659,3
5660,3
5661,1
5662,4
5663,5
5664,2
5665,2
5666,1
5667,2
5668,4
5669,1
5670,1
5671,2
5672,2
5673,3
5674,1
5675,4
5676,2
5677,1
5678,2
5679,2
5680,1
5681,2
5682,2
5683,2
5684,3
5685,2
5686,4
5687,3
5688,4
5689,2
5690,2
5691,3
5692,3
5693,4
5694,3
5695,1
5696,4
5697,2
5698,3
5699,4
5700,3
5701,3
5702,2
5703,4
5704,3
5705,2
5706,3
5707,1
5708,3
5709,4
5710,3
5711,2
5712,1
5713,4
5714,2
5715,3
5716,2
5717,1
5718,2
5719,3
5720,1
5721,2
5722,1
5723,1
5724,2
5725,3
5726,2
5727,2
5728,3
5729,1
5730,3
5731,2
5732,4
5733,1
5734,3
5735,1
5736,2
5737,1
5738,1
5739,3
5740,2
5741,2
5742,2
5743,2
5744,1
5745,2
5746,1
5747,1
5748,2
5749,1
5750,3
5751,5
5752,2
5753,1
5754,3
5755,2
5756,4
5757,4
5758,2
5759,2
5760,2
5761,3
5762,2
5763,2
5764,1
5765,3
5766,4
5767,3
5768,1
5769,4
5770,3
5771,2
5772,2
5773,1
5774,2
5775,3
5776,2
5777,3
5778,4
5779,2
5780,2
5781,3
5782,2
5783,4
5784,3
5785,2
5786,1
5787,2
5788,2
5789,2
5790,4
5791,3
5792,1
5793,3
5794,2
5795,2
5796,2
5797,2
5798,3
5799,3
5800,3
5801,1
5802,1
5803,2
5804,2
5805,2
5806,2
5807,2
5808,1
5809,3
5810,2
5811,3
5812,2
5813,4
5814,3
5815,3
5816,3
5817,1
5818,2
5819,1
5820,2
5821,3
5822,2
5823,2
5824,3
5825,2
5826,2
5827,3
5828,2
5829,1
5830,1
5831,2
5832,4
5833,5
5834,2
5835,1
5836,2
5837,2
5838,1
5839,1
5840,3
5841,2
5842,2
5843,1
5844,3
5845,1
5846,3
5847,1
5848,3
5849,2
5850,2
5851,2
5852,4
5853,2
5854,3
5855,4
5856,1
5857,2
5858,2
5859,2
5860,1
5861,2
5862,4
5863,3
5864,2
5865,4
5866,1
5867,2
5868,3
5869,2
5870,2
5871,1
5872,2
5873,1
5874,2
5875,2
5876,2
5877,3
5878,1
5879,1
5880,4
5881,3
5882,1
5883,2
5884,4
5885,4
5886,3
5887,3
5888,4
5889,2
5890,2
5891,1
5892,4
5893,1
5894,4
5895,2
5896,3
5897,1
5898,2
5899,1
5900,3
5901,1
5902,2
5903,2
5904,3
5905,2
5906,4
5907,2
5908,2
5909,2
5910,1
5911,4
5912,1
5913,1
5914,4
5915,5
5916,4
5917,4
5918,4
5919,3
5920,1
5921,2
5922,4
5923,2
5924,1
5925,3
5926,1
5927,3
5928,2
5929,5
5930,1
5931,6
5932,2
5933,2
5934,2
5935,3
5936,2
5937,2
5938,3
5939,1
5940,2
5941,2
5942,1
5943,1
5944,3
5945,1
5946,2
5947,3
5948,3
5949,3
5950,3
5951,1
5952,3
5953,1
5954,3
5955,1
5956,4
5957,3
5958,2
5959,3
5960,1
5961,2
5962,1
5963,3
5964,3
5965,2
5966,2
5967,1
5968,2
5969,3
5970,2
5971,2
5972,3
5973,3
5974,1
5975,1
5976,3
5977,2
5978,2
5979,3
5980,2
5981,3
5982,3
5983,2
5984,1
5985,1
5986,3
5987,2
5988,2
5989,2
5990,3
5991,4
5992,3
5993,3
5994,1
5995,2
5996,1
5997,1
5998,1
5999,1
6000,3
6001,3
6002,2
6003,3
6004,3
6005,1
6006,2
6007,3
6008,4
6009,2
6010,1
6011,1
6012,2
6013,2
6014,2
6015,1
6016,2
6017,1
6018,3
6019,4
6020,2
6021,1
6022,2
6023,3
6024,2
6025,1
6026,2
6027,3
6028,1
6029,4
6030,2
6031,4
6032,1
6033,3
6034,2
6035,4
6036,2
6037,4
6038,1
6039,4
6040,2
6041,2
6042,4
6043,1
6044,2
6045,1
6046,2
6047,4
6048,1
6049,4
6050,2
6051,1
6052,2
6053,2
6054,1
6055,2
6056,2
6057,3
6058,2
6059,2
6060,2
6061,2
6062,3
6063,2
6064,3
6065,1
6066,4
6067,2
6068,1
6069,2
6070,2
6071,2
6072,4
6073,2
6074,2
6075,1
6076,3
6077,1
6078,4
6079,2
6080,3
6081,2
6082,4
6083,2
6084,3
6085,3
6086,1
6087,1
6088,3
6089,1
6090,3
6091,2
6092,2
6093,2
6094,1
6095,3
6096,2
6097,4
6098,2
6099,1
6100,3
6101,2
6102,4
6103,1
6104,2
6105,1
6106,2
6107,2
6108,2
6109,1
6110,2
6111,4
6112,1
6113,2
6114,3
6115,2
6116,2
6117,3
6118,2
6119,2
6120,3
6121,3
6122,3
6123,1
6124,4
6125,1
6126,4
6127,4
6128,2
6129,3
6130,2
6131,3
6132,1
6133,3
6134,4
6135,3
6136,1
6137,1
6138,3
6139,2
6140,2
6141,1
6142,1
6143,2
6144,3
6145,2
6146,3
6147,3
6148,3
6149,1
6150,1
6151,3
6152,4
6153,3
6154,2
6155,2
6156,1
6157,1
6158,1
6159,3
6160,2
6161,2
6162,1
6163,4
6164,2
6165,1
6166,1
6167,4
6168,3
6169,2
6170,2
6171,2
6172,4
6173,2
6174,2
6175,1
6176,1
6177,2
6178,5
6179,2
6180,3
6181,2
6182,1
6183,4
6184,3
6185,2
6186,1
6187,1
6188,2
6189,4
6190,2
6191,2
6192,2
6193,2
6194,1
6195,2
6196,2
6197,3
6198,1
6199,4
6200,3
6201,3
6202,2
6203,2
6204,2
6205,2
6206,1
6207,3
6208,2
6209,3
6210,1
6211,2
6212,2
6213,1
6214,3
6215,2
6216,2
6217,3
6218,1
6219,3
6220,1
6221,2
6222,1
6223,2
6224,3
6225,4
6226,1
6227,2
6228,2
6229,2
6230,3
6231,2
6232,2
6233,2
6234,2
6235,2
6236,2
6237,1
6238,5
6239,2
6240,1
6241,1
6242,2
6243,1
6244,2
6245,3
6246,3
6247,3
6248,1
6249,2
6250,2
6251,3
6252,2
6253,2
6254,3
6255,2
6256,1
6257,1
6258,1
6259,1
6260,2
6261,3
6262,1
6263,2
6264,2
6265,3
6266,2
6267,1
6268,2
6269,1
6270,2
6271,2
6272,4
6273,3
6274,4
6275,1
6276,3
6277,3
6278,3
6279,4
6280,2
6281,1
6282,1
6283,2
6284,1
6285,2
6286,1
6287,2
6288,1
6289,1
6290,1
6291,3
6292,3
6293,1
6294,4
6295,3
6296,1
6297,3
6298,4
6299,1
6300,2
6301,2
6302,4
6303,2
6304,2
6305,1
6306,2
6307,4
6308,2
6309,3
6310,2
6311,5
6312,2
6313,1
6314,3
6315,2
6316,1
6317,2
6318,2
6319,3
6320,2
6321,3
6322,1
6323,3
6324,3
6325,2
6326,2
6327,2
6328,2
6329,1
6330,2
6331,2
6332,3
6333,1
6334,1
6335,2
6336,2
6337,2
6338,3
6339,4
6340,2
6341,2
6342,2
6343,1
6344,4
6345,2
6346,1
6347,3
6348,1
6349,3
6350,2
6351,2
6352,2
6353,1
6354,4
6355,1
6356,3
6357,1
6358,2
6359,2
6360,1
6361,4
6362,2
6363,2
6364,4
6365,1
6366,2
6367,2
6368,2
6369,2
6370,4
6371,3
6372,1
6373,2
6374,2
6375,3
6376,1
6377,2
6378,1
6379,3
6380,3
6381,1
6382,1
6383,1
6384,3
6385,5
6386,1
6387,3
6388,4
6389,2
6390,2
6391,2
6392,3
6393,3
6394,2
6395,2
6396,2
6397,1
6398,2
6399,1
6400,3
6401,3
6402,2
6403,2
6404,3
6405,2
6406,2
6407,3
6408,3
6409,1
6410,2
6411,2
6412,1
6413,2
6414,3
6415,3
6416,1
6417,2
6418,1
6419,5
6420,3
6421,2
6422,4
6423,2
6424,3
6425,3
6426,1
6427,1
6428,2
6429,1
6430,4
6431,1
6432,2
6433,1
6434,2
6435,1
6436,2
6437,2
6438,2
6439,2
6440,3
6441,2
6442,1
6443,3
6444,2
6445,4
6446,3
6447,2
6448,3
6449,3
6450,2
6451,4
6452,2
6453,2
6454,1
6455,2
6456,2
6457,2
6458,4
6459,2
6460,1
6461,2
6462,2
6463,1
6464,2
6465,1
6466,2
6467,3
6468,1
6469,2
6470,2
6471,2
6472,3
6473,2
6474,3
6475,3
6476,1
6477,1
6478,2
6479,4
6480,1
6481,2
6482,2
6483,3
6484,1
6485,3
6486,2
6487,1
6488,4
6489,1
6490,2
6491,4
6492,3
6493,1
6494,3
6495,3
6496,2
6497,1
6498,3
6499,1
6500,2
6501,2
6502,1
6503,2
6504,2
6505,2
6506,3
6507,2
6508,3
6509,2
6510,2
6511,2
6512,1
6513,3
6514,2
6515,2
6516,1
6517,3
6518,2
6519,4
6520,2
6521,4
6522,2
6523,1
6524,1
6525,2
6526,1
6527,1
6528,2
6529,3
6530,2
6531,4
6532,2
6533,2
6534,1
6535,3
6536,3
6537,3
6538,1
6539,2
6540,2
6541,1
6542,1
6543,3
6544,3
6545,2
6546,3
6547,4
6548,1
6549,2
6550,2
6551,2
6552,2
6553,2
6554,2
6555,2
6556,3
6557,3
6558,2
6559,3
6560,2
6561,2
6562,2
6563,2
6564,2
6565,1
6566,2
6567,3
6568,2
6569,1
6570,5
6571,2
6572,2
6573,2
6574,2
6575,2
6576,1
6577,2
6578,2
6579,2
6580,2
6581,1
6582,2
6583,3
6584,2
6585,2
6586,3
6587,4
6588,2
6589,1
6590,2
6591,3
6592,1
6593,4
6594,1
6595,1
6596,6
6597,1
6598,2
6599,2
6600,2
6601,5
6602,2
6603,2
6604,2
6605,3
6606,2
6607,2
6608,2
6609,2
6610,1
6611,1
6612,3
6613,2
6614,3
6615,2
6616,1
6617,1
6618,2
6619,3
6620,1
6621,3
6622,2
6623,2
6624,1
6625,2
6626,1
6627,1
6628,3
6629,1
6630,2
6631,2
6632,3
6633,5
6634,1
6635,1
6636,1
6637,3
6638,2
6639,2
6640,5
6641,2
6642,2
6643,2
6644,1
6645,1
6646,4
6647,1
6648,2
6649,3
6650,3
6651,1
6652,3
6653,1
6654,1
6655,2
6656,3
6657,1
6658,3
6659,2
6660,1
6661,3
6662,2
6663,3
6664,2
6665,3
6666,2
6667,1
6668,1
6669,3
6670,2
6671,2
6672,2
6673,3
6674,4
6675,3
6676,2
6677,2
6678,2
6679,2
6680,1
6681,2
6682,2
6683,2
6684,4
6685,2
6686,2
6687,2
6688,3
6689,2
6690,1
6691,1
6692,3
6693,3
6694,3
6695,3
6696,2
6697,1
6698,2
6699,2
6700,2
6701,3
6702,1
6703,2
6704,1
6705,2
6706,2
6707,2
6708,3
6709,3
6710,3
6711,4
6712,3
6713,1
6714,2
6715,3
6716,2
6717,1
6718,1
6719,2
6720,3
6721,1
6722,3
6723,1
6724,2
6725,2
6726,2
6727,1
6728,2
6729,2
6730,2
6731,2
6732,1
6733,1
6734,3
6735,2
6736,6
6737,3
6738,2
6739,3
6740,3
6741,1
6742,2
6743,1
6744,1
6745,2
6746,2
6747,4
6748,3
6749,1
6750,1
6751,4
6752,2
6753,1
6754,2
6755,1
6756,1
6757,4
6758,2
6759,2
6760,1
6761,2
6762,2
6763,3
6764,1
6765,1
6766,2
6767,3
6768,1
6769,4
6770,2
6771,2
6772,2
6773,2
6774,1
6775,3
6776,1
6777,3
6778,1
6779,4
6780,1
6781,1
6782,2
6783,3
6784,1
6785,1
6786,3
6787,1
6788,4
6789,2
6790,2
6791,1
6792,2
6793,2
6794,2
6795,2
6796,2
6797,3
6798,1
6799,3
6800,2
6801,1
6802,1
6803,1
6804,3
6805,1
6806,2
6807,2
6808,3
6809,2
6810,3
6811,2
6812,2
6813,2
6814,1
6815,1
6816,1
6817,4
6818,1
6819,1
6820,1
6821,2
6822,3
6823,2
6824,2
6825,1
6826,2
6827,2
6828,2
6829,2
6830,2
6831,2
6832,2
6833,1
6834,3
6835,1
6836,2
6837,4
6838,1
6839,5
6840,2
6841,3
6842,1
6843,2
6844,3
6845,1
6846,3
6847,4
6848,2
6849,2
6850,3
6851,3
6852,1
6853,2
6854,2
6855,2
6856,2
6857,1
6858,2
6859,2
6860,1
6861,3
6862,2
6863,2
6864,2
6865,3
6866,1
6867,2
6868,2
6869,2
6870,2
6871,3
6872,3
6873,3
6874,1
6875,2
6876,3
6877,3
6878,1
6879,1
6880,1
6881,3
6882,2
6883,1
6884,2
6885,3
6886,2
6887,2
6888,3
6889,2
6890,2
6891,2
6892,2
6893,3
6894,2
6895,2
6896,2
6897,2
6898,1
6899,2
6900,2
6901,2
6902,3
6903,1
6904,4
6905,3
6906,2
6907,2
6908,3
6909,3
6910,1
6911,2
6912,1
6913,4
6914,2
6915,3
6916,2
6917,1
6918,1
6919,1
6920,1
6921,2
6922,2
6923,4
6924,1
6925,5
6926,1
6927,3
6928,1
6929,1
6930,2
6931,3
6932,2
6933,1
6934,2
6935,2
6936,2
6937,1
6938,2
6939,2
6940,3
6941,4
6942,1
6943,2
6944,4
6945,2
6946,3
6947,1
6948,5
6949,2
6950,3
6951,3
6952,2
6953,1
6954,2
6955,3
6956,1
6957,3
6958,1
6959,2
6960,2
6961,3
6962,2
6963,5
6964,1
6965,2
6966,1
6967,2
6968,2
6969,1
6970,4
6971,2
6972,1
6973,2
6974,4
6975,3
6976,3
6977,1
6978,3
6979,1
6980,2
6981,1
6982,4
6983,3
6984,1
6985,1
6986,2
6987,2
6988,2
6989,2
6990,3
6991,1
6992,3
6993,2
6994,2
6995,3
6996,2
6997,2
6998,1
6999,2
7000,3
7001,1
7002,2
7003,2
7004,2
7005,1
7006,2
7007,1
7008,1
7009,3
7010,4
7011,1
7012,3
7013,3
7014,1
7015,1
7016,3
7017,1
7018,1
7019,2
7020,1
7021,3
7022,1
7023,3
7024,2
7025,2
7026,2
7027,3
7028,4
7029,1
7030,1
7031,3
7032,1
7033,4
7034,2
7035,1
7036,1
7037,1
7038,2
7039,2
7040,2
7041,2
7042,2
7043,1
7044,4
7045,2
7046,1
7047,3
7048,1
7049,3
7050,2
7051,2
7052,1
7053,2
7054,3
7055,3
7056,3
7057,3
7058,3
7059,2
7060,3
7061,2
7062,4
7063,2
7064,1
7065,1
7066,1
7067,3
7068,1
7069,3
7070,3
7071,2
7072,2
7073,1
7074,2
7075,3
7076,2
7077,3
7078,1
7079,3
7080,2
7081,2
7082,1
7083,3
7084,2
7085,2
7086,2
7087,2
7088,2
7089,1
7090,2
7091,2
7092,2
7093,3
7094,1
7095,1
7096,3
7097,1
7098,3
7099,2
7100,2
7101,2
7102,2
7103,3
7104,2
7105,5
7106,2
7107,3
7108,1
7109,2
7110,1
7111,2
7112,3
7113,1
7114,1
7115,3
7116,2
7117,2
7118,1
7119,1
7120,1
7121,2
7122,1
7123,2
7124,2
7125,3
7126,2
7127,1
7128,2
7129,1
7130,2
7131,1
7132,1
7133,1
7134,1
7135,2
7136,2
7137,2
7138,1
7139,2
7140,4
7141,1
7142,3
7143,2
7144,3
7145,2
7146,2
7147,3
7148,2
7149,4
7150,3
7151,1
7152,2
7153,1
7154,3
7155,1
7156,1
7157,2
7158,4
7159,3
7160,1
7161,1
7162,2
7163,1
7164,1
7165,2
7166,2
7167,1
7168,5
7169,2
7170,2
7171,1
7172,3
7173,1
7174,3
7175,2
7176,1
7177,3
7178,3
7179,3
7180,2
7181,3
7182,1
7183,2
7184,2
7185,2
7186,1
7187,1
7188,2
7189,3
7190,4
7191,2
7192,4
7193,1
7194,1
7195,3
7196,2
7197,2
7198,2
7199,3
7200,3
7201,3
7202,1
7203,2
7204,2
7205,1
7206,2
7207,3
7208,2
7209,2
7210,2
7211,3
7212,3
7213,2
7214,2
7215,1
7216,3
7217,1
7218,2
7219,1
7220,2
7221,4
7222,1
7223,2
7224,2
7225,1
7226,1
7227,3
7228,2
7229,2
7230,2
7231,1
7232,3
7233,1
7234,1
7235,1
7236,3
7237,3
7238,2
7239,3
7240,1
7241,2
7242,3
7243,2
7244,2
7245,2
7246,2
7247,2
7248,3
7249,2
7250,2
7251,2
7252,2
7253,2
7254,2
7255,3
7256,2
7257,2
7258,2
7259,2
7260,2
7261,1
7262,2
7263,3
7264,5
7265,3
7266,1
7267,3
7268,1
7269,2
7270,2
7271,1
7272,1
7273,2
7274,3
7275,1
7276,2
7277,2
7278,2
7279,1
7280,1
7281,2
7282,1
7283,2
7284,2
7285,3
7286,2
7287,2
7288,3
7289,2
7290,1
7291,3
7292,1
7293,1
7294,2
7295,1
7296,3
7297,1
7298,2
7299,2
7300,2
7301,4
7302,1
7303,1
7304,1
7305,2
7306,4
7307,3
7308,2
7309,2
7310,3
7311,3
7312,2
7313,4
7314,3
7315,3
7316,1
7317,2
7318,1
7319,3
7320,5
7321,1
7322,1
7323,3
7324,1
7325,2
7326,3
7327,3
7328,3
7329,3
7330,1
7331,1
7332,1
7333,2
7334,2
7335,1
7336,1
7337,2
7338,2
7339,1
7340,2
7341,1
7342,4
7343,2
7344,5
7345,1
7346,1
7347,4
7348,4
7349,4
7350,2
7351,1
7352,2
7353,3
7354,1
7355,3
7356,1
7357,2
7358,2
7359,3
7360,1
7361,1
7362,3
7363,1
7364,3
7365,1
7366,3
7367,3
7368,2
7369,2
7370,2
7371,2
7372,2
7373,1
7374,4
7375,2
7376,1
7377,3
7378,2
7379,3
7380,3
7381,1
7382,2
7383,1
7384,1
7385,3
7386,1
7387,2
7388,1
7389,2
7390,3
7391,1
7392,4
7393,3
7394,1
7395,1
7396,5
7397,2
7398,2
7399,2
7400,2
7401,1
7402,2
7403,3
7404,1
7405,2
7406,3
7407,1
7408,2
7409,5
7410,1
7411,3
7412,1
7413,1
7414,3
7415,2
7416,1
7417,1
7418,2
7419,1
7420,1
7421,2
7422,4
7423,1
7424,2
7425,3
7426,2
7427,2
7428,1
7429,2
7430,2
7431,3
7432,3
7433,2
7434,1
7435,3
7436,3
7437,3
7438,3
7439,3
7440,1
7441,3
7442,2
7443,2
7444,2
7445,3
7446,2
7447,2
7448,5
7449,2
7450,1
7451,3
7452,1
7453,2
7454,1
7455,2
7456,1
7457,1
7458,3
7459,3
7460,2
7461,1
7462,2
7463,2
7464,1
7465,3
7466,1
7467,3
7468,2
7469,1
7470,3
7471,1
7472,1
7473,3
7474,1
7475,2
7476,2
7477,2
7478,3
7479,1
7480,2
7481,1
7482,2
7483,2
7484,1
7485,1
7486,2
7487,1
7488,2
7489,3
7490,3
7491,3
7492,1
7493,2
7494,2
7495,1
7496,3
7497,1
7498,1
7499,4
7500,1
7501,2
7502,2
7503,1
7504,3
7505,2
7506,2
7507,1
7508,3
7509,3
7510,1
7511,4
7512,2
7513,1
7514,3
7515,4
7516,1
7517,1
7518,2
7519,2
7520,1
7521,1
7522,1
7523,2
7524,2
7525,2
7526,2
7527,4
7528,2
7529,3
7530,2
7531,3
7532,2
7533,3
7534,3
7535,2
7536,1
7537,1
7538,3
7539,3
7540,1
7541,1
7542,2
7543,3
7544,1
7545,2
7546,1
7547,1
7548,2
7549,2
7550,1
7551,1
7552,1
7553,2
7554,3
7555,3
7556,2
7557,2
7558,2
7559,1
7560,2
7561,2
7562,2
7563,3
7564,4
7565,1
7566,3
7567,1
7568,1
7569,2
7570,2
7571,1
7572,2
7573,1
7574,2
7575,3
7576,1
7577,4
7578,2
7579,1
7580,1
7581,3
7582,1
7583,2
7584,1
7585,1
7586,1
7587,2
7588,1
7589,3
7590,2
7591,1
7592,2
7593,2
7594,2
7595,1
7596,2
7597,1
7598,5
7599,1
7600,2
7601,2
7602,2
7603,2
7604,2
7605,1
7606,1
7607,1
7608,1
7609,2
7610,1
7611,3
7612,1
7613,3
7614,2
7615,1
7616,2
7617,4
7618,2
7619,3
7620,2
7621,2
7622,1
7623,2
7624,2
7625,2
7626,1
7627,5
7628,1
7629,1
7630,1
7631,2
7632,2
7633,2
7634,1
7635,3
7636,2
7637,1
7638,3
7639,1
7640,2
7641,3
7642,1
7643,1
7644,1
7645,2
7646,1
7647,1
7648,1
7649,3
7650,1
7651,1
7652,2
7653,1
7654,3
7655,2
7656,2
7657,2
7658,1
7659,3
7660,1
7661,2
7662,2
7663,1
7664,2
7665,2
7666,2
7667,4
7668,1
7669,1
7670,3
7671,1
7672,2
7673,1
7674,2
7675,2
7676,2
7677,2
7678,2
7679,1
7680,1
7681,1
7682,2
7683,2
7684,3
7685,3
7686,1
7687,2
7688,1
7689,2
7690,2
7691,2
7692,2
7693,3
7694,1
7695,2
7696,1
7697,3
7698,2
7699,1
7700,4
7701,1
7702,3
7703,2
7704,1
7705,1
7706,4
7707,3
7708,2
7709,3
7710,1
7711,2
7712,1
7713,1
7714,2
7715,1
7716,3
7717,1
7718,1
7719,1
7720,3
7721,1
7722,3
7723,1
7724,3
7725,1
7726,1
7727,1
7728,2
7729,2
7730,2
7731,1
7732,1
7733,1
7734,2
7735,2
7736,1
7737,2
7738,2
7739,2
7740,2
7741,2
7742,1
7743,2
7744,2
7745,2
7746,1
7747,3
7748,2
7749,1
7750,1
7751,1
7752,4
7753,1
7754,1
7755,3
7756,1
7757,1
7758,3
7759,5
7760,1
7761,2
7762,2
7763,2
7764,3
7765,1
7766,3
7767,2
7768,1
7769,2
7770,1
7771,3
7772,1
7773,1
7774,2
7775,4
7776,2
7777,1
7778,2
7779,2
7780,4
7781,2
7782,2
7783,3
7784,1
7785,1
7786,1
7787,1
7788,1
7789,3
7790,3
7791,3
7792,2
7793,3
7794,1
7795,2
7796,2
7797,1
7798,3
7799,2
7800,1
7801,2
7802,2
7803,4
7804,2
7805,3
7806,1
7807,1
7808,2
7809,1
7810,2
7811,2
7812,1
7813,2
7814,2
7815,1
7816,3
7817,1
7818,1
7819,1
7820,1
7821,4
7822,2
7823,5
7824,1
7825,2
7826,1
7827,2
7828,1
7829,3
7830,2
7831,2
7832,1
7833,1
7834,2
7835,2
7836,2
7837,4
7838,2
7839,3
7840,2
7841,1
7842,1
7843,3
7844,2
7845,1
7846,3
7847,3
7848,1
7849,2
7850,2
7851,1
7852,2
7853,3
7854,1
7855,1
7856,1
7857,3
7858,2
7859,1
7860,3
7861,1
7862,5
7863,2
7864,2
7865,1
7866,1
7867,2
7868,3
7869,2
7870,3
7871,2
7872,2
7873,2
7874,3
7875,3
7876,1
7877,3
7878,1
7879,1
7880,1
7881,3
7882,1
7883,2
7884,2
7885,1
7886,2
7887,2
7888,1
7889,2
7890,2
7891,1
7892,2
7893,2
7894,2
7895,1
7896,3
7897,1
7898,2
7899,1
7900,3
7901,1
7902,2
7903,3
7904,1
7905,2
7906,1
7907,3
7908,2
7909,1
7910,1
7911,2
7912,2
7913,4
7914,1
7915,2
7916,2
7917,2
7918,1
7919,3
7920,2
7921,4
7922,2
7923,3
7924,2
7925,1
7926,1
7927,3
7928,2
7929,1
7930,4
7931,2
7932,2
7933,2
7934,3
7935,2
7936,1
7937,4
7938,3
7939,4
7940,1
7941,1
7942,2
7943,2
7944,3
7945,2
7946,2
7947,1
7948,1
7949,1
7950,3
7951,2
7952,1
7953,1
7954,2
7955,1
7956,3
7957,1
7958,1
7959,2
7960,1
7961,1
7962,5
7963,1
7964,4
7965,3
7966,2
7967,1
7968,2
7969,1
7970,1
7971,2
7972,1
7973,1
7974,1
7975,1
7976,4
7977,1
7978,2
7979,4
7980,3
7981,1
7982,2
7983,4
7984,1
7985,2
7986,3
7987,3
7988,3
7989,2
7990,2
7991,2
7992,3
7993,3
7994,2
7995,2
7996,2
7997,1
7998,5
7999,3
8000,1
8001,2
8002,1
8003,1
8004,1
8005,1
8006,3
8007,2
8008,3
8009,1
8010,2
8011,2
8012,1
8013,3
8014,2
8015,1
8016,3
8017,1
8018,2
8019,2
8020,1
8021,1
8022,3
8023,2
8024,2
8025,3
8026,1
8027,2
8028,1
8029,2
8030,1
8031,3
8032,1
8033,2
8034,1
8035,2
8036,1
8037,2
8038,3
8039,1
8040,3
8041,1
8042,3
8043,2
8044,3
8045,1
8046,2
8047,2
8048,1
8049,1
8050,1
8051,2
8052,2
8053,1
8054,2
8055,3
8056,2
8057,2
8058,2
8059,1
8060,2
8061,2
8062,1
8063,1
8064,3
8065,1
8066,2
8067,2
8068,2
8069,4
8070,3
8071,1
8072,4
8073,2
8074,1
8075,2
8076,1
8077,1
8078,1
8079,3
8080,2
8081,2
8082,1
8083,1
8084,1
8085,2
8086,1
8087,1
8088,1
8089,1
8090,2
8091,1
8092,2
8093,1
8094,3
8095,2
8096,1
8097,2
8098,2
8099,1
8100,1
8101,1
8102,3
8103,2
8104,2
8105,1
8106,3
8107,4
8108,1
8109,1
8110,2
8111,3
8112,1
8113,2
8114,2
8115,2
8116,1
8117,1
8118,2
8119,2
8120,1
8121,4
8122,3
8123,1
8124,1
8125,1
8126,2
8127,1
8128,1
8129,2
8130,3
8131,1
8132,3
8133,1
8134,1
8135,2
8136,1
8137,4
8138,2
8139,1
8140,1
8141,2
8142,2
8143,1
8144,1
8145,1
8146,2
8147,2
8148,1
8149,2
8150,2
8151,2
8152,3
8153,2
8154,3
8155,3
8156,1
8157,3
8158,2
8159,2
8160,1
8161,2
8162,2
8163,1
8164,2
8165,2
8166,2
8167,2
8168,1
8169,1
8170,2
8171,1
8172,3
8173,1
8174,2
8175,1
8176,3
8177,2
8178,1
8179,2
8180,2
8181,1
8182,2
8183,1
8184,2
8185,4
8186,2
8187,4
8188,3
8189,2
8190,1
8191,3
8192,3
8193,2
8194,2
8195,1
8196,1
8197,3
8198,2
8199,1
8200,3
8201,1
8202,2
8203,1
8204,4
8205,2
8206,1
8207,2
8208,1
8209,2
8210,1
8211,1
8212,2
8213,2
8214,2
8215,2
8216,1
8217,2
8218,3
8219,2
8220,3
8221,1
8222,2
8223,1
8224,2
8225,1
8226,2
8227,2
8228,2
8229,4
8230,2
8231,1
8232,2
8233,2
8234,1
8235,2
8236,1
8237,1
8238,1
8239,3
8240,1
8241,1
8242,1
8243,2
8244,2
8245,3
8246,1
8247,1
8248,3
8249,3
8250,3
8251,1
8252,2
8253,3
8254,2
8255,2
8256,1
8257,1
8258,1
8259,3
8260,1
8261,1
8262,2
8263,2
8264,3
8265,2
8266,2
8267,2
8268,4
8269,3
8270,1
8271,1
8272,2
8273,3
8274,2
8275,1
8276,1
8277,3
8278,2
8279,3
8280,1
8281,3
8282,4
8283,3
8284,2
8285,2
8286,2
8287,3
8288,1
8289,2
8290,2
8291,2
8292,2
8293,1
8294,1
8295,2
8296,1
8297,2
8298,2
8299,3
8300,3
8301,2
8302,1
8303,2
8304,1
8305,1
8306,2
8307,1
8308,3
8309,1
8310,3
8311,2
8312,2
8313,3
8314,1
8315,1
8316,2
8317,1
8318,4
8319,2
8320,1
8321,2
8322,2
8323,3
8324,2
8325,2
8326,1
8327,2
8328,1
8329,2
8330,1
8331,3
8332,1
8333,1
8334,1
8335,1
8336,1
8337,3
8338,3
8339,2
8340,2
8341,1
8342,5
8343,2
8344,3
8345,1
8346,2
8347,2
8348,1
8349,1
8350,2
8351,1
8352,2
8353,2
8354,4
8355,1
8356,1
8357,2
8358,2
8359,2
8360,1
8361,2
8362,1
8363,2
8364,2
8365,2
8366,4
8367,1
8368,1
8369,2
8370,1
8371,1
8372,3
8373,2
8374,2
8375,2
8376,1
8377,2
8378,2
8379,3
8380,1
8381,4
8382,1
8383,1
8384,3
8385,2
8386,2
8387,3
8388,1
8389,2
8390,1
8391,2
8392,2
8393,2
8394,1
8395,2
8396,1
8397,2
8398,4
8399,1
8400,2
8401,4
8402,1
8403,1
8404,3
8405,1
8406,1
8407,2
8408,1
8409,2
8410,2
8411,2
8412,2
8413,2
8414,1
8415,3
8416,3
8417,1
8418,3
8419,2
8420,1
8421,4
8422,1
8423,3
8424,1
8425,4
8426,1
8427,3
8428,3
8429,1
8430,1
8431,3
8432,1
8433,2
8434,2
8435,2
8436,1
8437,3
8438,1
8439,1
8440,1
8441,2
8442,1
8443,2
8444,2
8445,1
8446,2
8447,2
8448,3
8449,1
8450,1
8451,1
8452,1
8453,3
8454,1
8455,2
8456,3
8457,2
8458,2
8459,1
8460,2
8461,2
8462,1
8463,1
8464,2
8465,3
8466,1
8467,2
8468,1
8469,2
8470,1
8471,4
8472,1
8473,2
8474,1
8475,2
8476,1
8477,2
8478,2
8479,1
8480,3
8481,2
8482,1
8483,2
8484,1
8485,2
8486,1
8487,3
8488,2
8489,2
8490,3
8491,2
8492,2
8493,1
8494,3
8495,3
8496,1
8497,2
8498,2
8499,3
8500,1
8501,1
8502,1
8503,2
8504,2
8505,1
8506,3
8507,1
8508,1
8509,2
8510,1
8511,4
8512,1
8513,3
8514,1
8515,2
8516,4
8517,2
8518,2
8519,1
8520,2
8521,3
8522,1
8523,1
8524,2
8525,1
8526,3
8527,2
8528,4
8529,2
8530,1
8531,3
8532,2
8533,1
8534,1
8535,1
8536,2
8537,2
8538,2
8539,2
8540,1
8541,1
8542,1
8543,3
8544,2
8545,2
8546,2
8547,2
8548,1
8549,2
8550,2
8551,1
8552,2
8553,1
8554,2
8555,3
8556,1
8557,1
8558,1
8559,1
8560,1
8561,2
8562,1
8563,1
8564,2
8565,2
8566,1
8567,1
8568,4
8569,2
8570,1
8571,2
8572,2
8573,2
8574,2
8575,2
8576,3
8577,3
8578,1
8579,1
8580,2
8581,2
8582,1
8583,4
8584,1
8585,1
8586,2
8587,2
8588,1
8589,2
8590,1
8591,5
8592,1
8593,2
8594,1
8595,2
8596,2
8597,1
8598,3
8599,3
8600,2
8601,2
8602,1
8603,2
8604,2
8605,1
8606,2
8607,2
8608,5
8609,2
8610,1
8611,1
8612,2
8613,3
8614,1
8615,1
8616,3
8617,2
8618,1
8619,2
8620,1
8621,2
8622,2
8623,1
8624,3
8625,1
8626,1
8627,2
8628,1
8629,3
8630,2
8631,1
8632,4
8633,3
8634,1
8635,3
8636,1
8637,2
8638,2
8639,1
8640,3
8641,1
8642,2
8643,2
8644,1
8645,2
8646,1
8647,3
8648,1
8649,3
8650,1
8651,3
8652,1
8653,1
8654,2
8655,1
8656,1
8657,3
8658,2
8659,1
8660,1
8661,2
8662,2
8663,1
8664,1
8665,2
8666,2
8667,2
8668,2
8669,2
8670,2
8671,1
8672,2
8673,1
8674,2
8675,2
8676,3
8677,2
8678,1
8679,1
8680,1
8681,1
8682,2
8683,2
8684,1
8685,2
8686,2
8687,1
8688,2
8689,2
8690,4
8691,2
8692,1
8693,1
8694,2
8695,1
8696,2
8697,2
8698,1
8699,1
8700,1
8701,3
8702,1
8703,1
8704,2
8705,2
8706,2
8707,1
8708,4
8709,1
8710,1
8711,2
8712,1
8713,1
8714,2
8715,1
8716,1
8717,2
8718,1
8719,3
8720,2
8721,2
8722,1
8723,2
8724,2
8725,2
8726,1
8727,1
8728,2
8729,1
8730,1
8731,3
8732,1
8733,1
8734,2
8735,2
8736,1
8737,3
8738,1
8739,3
8740,2
8741,3
8742,1
8743,1
8744,3
8745,4
8746,2
8747,1
8748,2
8749,2
8750,2
8751,2
8752,1
8753,2
8754,2
8755,1
8756,3
8757,2
8758,2
8759,3
8760,1
8761,1
8762,1
8763,1
8764,1
8765,1
8766,1
8767,1
8768,2
8769,3
8770,2
8771,1
8772,2
8773,2
8774,3
8775,1
8776,3
8777,2
8778,2
8779,2
8780,1
8781,1
8782,2
8783,2
8784,2
8785,3
8786,1
8787,1
8788,2
8789,1
8790,2
8791,2
8792,1
8793,2
8794,1
8795,1
8796,2
8797,1
8798,1
8799,1
8800,3
8801,2
8802,1
8803,3
8804,2
8805,2
8806,1
8807,2
8808,2
8809,2
8810,1
8811,1
8812,1
8813,1
8814,3
8815,1
8816,1
8817,3
8818,2
8819,1
8820,3
8821,1
8822,2
8823,2
8824,2
8825,3
8826,1
8827,1
8828,2
8829,1
8830,3
8831,1
8832,2
8833,3
8834,1
8835,2
8836,3
8837,1
8838,1
8839,2
8840,1
8841,1
8842,2
8843,3
8844,1
8845,2
8846,2
8847,2
8848,1
8849,3
8850,1
8851,3
8852,2
8853,1
8854,2
8855,1
8856,2
8857,3
8858,1
8859,2
8860,2
8861,2
8862,2
8863,1
8864,2
8865,2
8866,1
8867,2
8868,2
8869,1
8870,2
8871,2
8872,1
8873,1
8874,1
8875,1
8876,1
8877,1
8878,2
8879,1
8880,2
8881,3
8882,1
8883,4
8884,1
8885,3
8886,1
8887,1
8888,3
8889,1
8890,2
8891,1
8892,3
8893,1
8894,1
8895,1
8896,1
8897,2
8898,3
8899,2
8900,1
8901,3
8902,1
8903,2
8904,2
8905,1
8906,2
8907,2
8908,1
8909,2
8910,5
8911,1
8912,2
8913,2
8914,1
8915,1
8916,2
8917,1
8918,3
8919,2
8920,3
8921,1
8922,2
8923,2
8924,1
8925,4
8926,2
8927,1
8928,1
8929,2
8930,2
8931,2
8932,1
8933,3
8934,1
8935,1
8936,2
8937,3
8938,1
8939,1
8940,3
8941,2
8942,2
8943,1
8944,2
8945,2
8946,3
8947,3
8948,1
8949,1
8950,1
8951,2
8952,2
8953,3
8954,1
8955,1
8956,2
8957,1
8958,2
8959,2
8960,2
8961,1
8962,1
8963,2
8964,1
8965,2
8966,1
8967,1
8968,2
8969,3
8970,1
8971,1
8972,2
8973,2
8974,1
8975,3
8976,1
8977,2
8978,2
8979,1
8980,3
8981,3
8982,2
8983,2
8984,2
8985,2
8986,1
8987,1
8988,2
8989,1
8990,2
8991,1
8992,2
8993,4
8994,1
8995,2
8996,2
8997,3
8998,1
8999,1
9000,1
9001,1
9002,2
9003,1
9004,2
9005,1
9006,1
9007,3
9008,3
9009,1
9010,1
9011,1
9012,2
9013,1
9014,3
9015,2
9016,2
9017,1
9018,3
9019,1
9020,1
9021,3
9022,1
9023,2
9024,1
9025,3
9026,2
9027,2
9028,1
9029,2
9030,2
9031,1
9032,2
9033,1
9034,1
9035,2
9036,1
9037,1
9038,3
9039,2
9040,1
9041,2
9042,2
9043,2
9044,2
9045,3
9046,1
9047,1
9048,2
9049,2
9050,1
9051,2
9052,3
9053,1
9054,1
9055,2
9056,1
9057,1
9058,2
9059,2
9060,2
9061,2
9062,3
9063,1
9064,3
9065,2
9066,1
9067,2
9068,3
9069,1
9070,1
9071,1
9072,2
9073,1
9074,2
9075,2
9076,2
9077,1
9078,1
9079,2
9080,1
9081,3
9082,1
9083,1
9084,3
9085,1
9086,1
9087,2
9088,1
9089,3
9090,2
9091,2
9092,2
9093,1
9094,2
9095,1
9096,3
9097,1
9098,2
9099,1
9100,1
9101,2
9102,2
9103,2
9104,2
9105,2
9106,2
9107,1
9108,1
9109,1
9110,2
9111,1
9112,2
9113,2
9114,1
9115,1
9116,1
9117,3
9118,2
9119,1
9120,2
9121,3
9122,3
9123,3
9124,1
9125,2
9126,1
9127,3
9128,1
9129,5
9130,2
9131,2
9132,2
9133,1
9134,1
9135,2
9136,2
9137,2
9138,1
9139,1
9140,1
9141,2
9142,3
9143,2
9144,1
9145,2
9146,1
9147,1
9148,3
9149,2
9150,3
9151,2
9152,3
9153,1
9154,1
9155,1
9156,2
9157,1
9158,1
9159,1
9160,1
9161,1
9162,2
9163,2
9164,2
9165,2
9166,1
9167,2
9168,1
9169,1
9170,1
9171,1
9172,3
9173,3
9174,2
9175,2
9176,2
9177,1
9178,4
9179,2
9180,3
9181,1
9182,1
9183,1
9184,2
9185,3
9186,2
9187,1
9188,1
9189,1
9190,1
9191,3
9192,1
9193,1
9194,1
9195,1
9196,2
9197,1
9198,1
9199,2
9200,1
9201,1
9202,3
9203,1
9204,1
9205,1
9206,3
9207,2
9208,1
9209,1
9210,3
9211,2
9212,1
9213,1
9214,2
9215,3
9216,2
9217,1
9218,2
9219,2
9220,1
9221,3
9222,2
9223,1
9224,3
9225,2
9226,1
9227,1
9228,3
9229,2
9230,1
9231,3
9232,2
9233,1
9234,2
9235,1
9236,2
9237,3
9238,1
9239,2
9240,1
9241,1
9242,3
9243,1
9244,1
9245,1
9246,2
9247,3
9248,2
9249,1
9250,2
9251,3
9252,1
9253,2
9254,1
9255,1
9256,1
9257,2
9258,1
9259,2
9260,2
9261,3
9262,2
9263,2
9264,2
9265,1
9266,2
9267,2
9268,3
9269,2
9270,1
9271,2
9272,1
9273,3
9274,1
9275,2
9276,1
9277,1
9278,2
9279,3
9280,2
9281,3
9282,1
9283,3
9284,2
9285,1
9286,2
9287,1
9288,3
9289,3
9290,2
9291,1
9292,1
9293,1
9294,3
9295,2
9296,1
9297,1
9298,1
9299,2
9300,1
9301,1
9302,1
9303,2
9304,2
9305,2
9306,1
9307,1
9308,1
9309,4
9310,1
9311,4
9312,1
9313,1
9314,3
9315,2
9316,2
9317,1
9318,3
9319,1
9320,2
9321,2
9322,1
9323,1
9324,1
9325,1
9326,1
9327,3
9328,1
9329,2
9330,1
9331,1
9332,2
9333,2
9334,2
9335,1
9336,3
9337,1
9338,2
9339,1
9340,2
9341,1
9342,1
9343,3
9344,1
9345,2
9346,2
9347,3
9348,3
9349,2
9350,1
9351,1
9352,2
9353,2
9354,2
9355,2
9356,3
9357,2
9358,1
9359,2
9360,2
9361,1
9362,1
9363,2
9364,1
9365,2
9366,3
9367,1
9368,3
9369,1
9370,1
9371,1
9372,4
9373,2
9374,1
9375,2
9376,1
9377,2
9378,1
9379,2
9380,2
9381,2
9382,1
9383,1
9384,2
9385,1
9386,2
9387,1
9388,2
9389,2
9390,1
9391,2
9392,2
9393,2
9394,1
9395,2
9396,1
9397,2
9398,1
9399,2
9400,3
9401,1
9402,2
9403,1
9404,2
9405,2
9406,3
9407,2
9408,1
9409,2
9410,2
9411,2
9412,1
9413,1
9414,2
9415,1
9416,2
9417,1
9418,2
9419,2
9420,3
9421,3
9422,2
9423,1
9424,1
9425,2
9426,2
9427,1
9428,2
9429,2
9430,2
9431,1
9432,3
9433,1
9434,2
9435,2
9436,1
9437,1
9438,2
9439,1
9440,2
9441,2
9442,2
9443,1
9444,3
9445,1
9446,2
9447,1
9448,2
9449,2
9450,2
9451,1
9452,1
9453,2
9454,2
9455,2
9456,2
9457,2
9458,2
9459,2
9460,1
9461,1
9462,2
9463,1
9464,3
9465,1
9466,1
9467,1
9468,1
9469,3
9470,2
9471,1
9472,2
9473,2
9474,1
9475,1
9476,2
9477,3
9478,1
9479,1
9480,1
9481,2
9482,2
9483,1
9484,2
9485,1
9486,1
9487,2
9488,1
9489,2
9490,1
9491,1
9492,3
9493,2
9494,1
9495,2
9496,2
9497,2
9498,1
9499,3
9500,2
9501,3
9502,1
9503,3
9504,1
9505,2
9506,1
9507,2
9508,2
9509,1
9510,2
9511,2
9512,2
9513,1
9514,3
9515,3
9516,1
9517,1
9518,3
9519,1
9520,3
9521,1
9522,1
9523,3
9524,1
9525,1
9526,3
9527,2
9528,2
9529,1
9530,3
9531,2
9532,1
9533,2
9534,1
9535,1
9536,2
9537,2
9538,2
9539,2
9540,1
9541,1
9542,3
9543,2
9544,1
9545,2
9546,1
9547,2
9548,1
9549,2
9550,2
9551,1
9552,2
9553,2
9554,1
9555,3
9556,2
9557,1
9558,2
9559,1
9560,3
9561,1
9562,2
9563,2
9564,2
9565,1
9566,1
9567,2
9568,1
9569,2
9570,3
9571,1
9572,2
9573,2
9574,1
9575,2
9576,1
9577,2
9578,1
9579,2
9580,2
9581,1
9582,2
9583,3
9584,2
9585,1
9586,2
9587,2
9588,1
9589,1
9590,2
9591,1
9592,1
9593,1
9594,2
9595,2
9596,1
9597,2
9598,1
9599,2
9600,2
9601,3
9602,1
9603,2
9604,1
9605,2
9606,1
9607,1
9608,1
9609,2
9610,1
9611,1
9612,3
9613,2
9614,2
9615,1
9616,3
9617,2
9618,1
9619,1
9620,1
9621,2
9622,1
9623,1
9624,3
9625,2
9626,2
9627,1
9628,1
9629,2
9630,1
9631,1
9632,2
9633,2
9634,2
9635,2
9636,1
9637,1
9638,1
9639,1
9640,3
9641,1
9642,2
9643,2
9644,2
9645,2
9646,1
9647,1
9648,3
9649,1
9650,2
9651,1
9652,1
9653,1
9654,1
9655,1
9656,1
9657,2
9658,1
9659,2
9660,1
9661,3
9662,4
9663,2
9664,2
9665,1
9666,3
9667,2
9668,2
9669,1
9670,2
9671,1
9672,2
9673,2
9674,3
9675,2
9676,1
9677,3
9678,1
9679,1
9680,2
9681,2
9682,1
9683,2
9684,3
9685,1
9686,1
9687,2
9688,2
9689,1
9690,1
9691,2
9692,1
9693,1
9694,3
9695,2
9696,2
9697,2
9698,2
9699,3
9700,1
9701,2
9702,2
9703,1
9704,1
9705,1
9706,2
9707,2
9708,1
9709,2
9710,1
9711,1
9712,2
9713,2
9714,2
9715,2
9716,1
9717,3
9718,2
9719,2
9720,2
9721,2
9722,1
9723,1
9724,1
9725,3
9726,1
9727,1
9728,2
9729,1
9730,2
9731,1
9732,2
9733,1
9734,1
9735,2
9736,1
9737,1
9738,2
9739,1
9740,2
9741,1
9742,2
9743,1
9744,2
9745,1
9746,2
9747,2
9748,2
9749,2
9750,1
9751,2
9752,2
9753,2
9754,1
9755,3
9756,1
9757,1
9758,1
9759,2
9760,1
9761,1
9762,2
9763,1
9764,2
9765,2
9766,1
9767,2
9768,1
9769,1
9770,2
9771,2
9772,1
9773,2
9774,1
9775,2
9776,1
9777,1
9778,1
9779,1
9780,1
9781,3
9782,1
9783,1
9784,1
9785,1
9786,2
9787,2
9788,2
9789,1
9790,1
9791,3
9792,1
9793,3
9794,1
9795,2
9796,2
9797,1
9798,1
9799,1
9800,1
9801,1
9802,2
9803,1
9804,2
9805,1
9806,1
9807,1
9808,2
9809,1
9810,2
9811,1
9812,3
9813,2
9814,2
9815,1
9816,1
9817,1
9818,2
9819,2
9820,2
9821,2
9822,2
9823,1
9824,2
9825,2
9826,1
9827,2
9828,2
9829,2
9830,1
9831,3
9832,2
9833,1
9834,1
9835,1
9836,3
9837,1
9838,1
9839,3
9840,1
9841,1
9842,2
9843,3
9844,1
9845,2
9846,3
9847,3
9848,1
9849,1
9850,2
9851,1
9852,2
9853,3
9854,1
9855,2
9856,1
9857,3
9858,2
9859,2
9860,2
9861,2
9862,1
9863,2
9864,2
9865,1
9866,1
9867,2
9868,1
9869,2
9870,2
9871,1
9872,2
9873,2
9874,1
9875,2
9876,2
9877,1
9878,1
9879,1
9880,1
9881,2
9882,1
9883,2
9884,1
9885,1
9886,1
9887,1
9888,2
9889,1
9890,3
9891,1
9892,1
9893,1
9894,3
9895,1
9896,2
9897,1
9898,2
9899,2
9900,2
9901,1
9902,2
9903,1
9904,2
9905,2
9906,2
9907,3
9908,1
9909,1
9910,1
9911,2
9912,1
9913,2
9914,2
9915,1
9916,1
9917,1
9918,2
9919,2
9920,2
9921,2
9922,1
9923,1
9924,2
9925,3
9926,1
9927,1
9928,1
9929,2
9930,1
9931,1
9932,2
9933,2
9934,1
9935,2
9936,2
9937,1
9938,2
9939,2
9940,2
9941,2
9942,1
9943,1
9944,2
9945,1
9946,1
9947,2
9948,2
9949,2
9950,1
9951,2
9952,2
9953,1
9954,1
9955,1
9956,1
9957,1
9958,2
9959,1
9960,2
9961,2
9962,1
9963,3
9964,1
9965,1
9966,2
9967,2
9968,1
9969,1
9970,1
9971,1
9972,3
9973,1
9974,1
9975,2
9976,1
9977,1
9978,3
9979,1
9980,3
9981,1
9982,3
9983,1
9984,2
9985,1
9986,2
9987,2
9988,1
9989,2
9990,3
9991,2
9992,1
9993,1
9994,2
9995,1
9996,1
9997,2
9998,2
9999,3
