0,19999
1,5804
2,8396
3,7622
4,4760
5,4559
6,4040
7,3850
8,3186
9,2805
10,2338
11,2285
12,2126
13,2105
14,1958
15,1918
16,1782
17,1755
18,1460
19,1352
20,1180
21,1177
22,1166
23,1139
24,1120
25,1090
26,1068
27,1080
28,992
29,986
30,978
31,958
32,942
33,926
34,874
35,883
36,836
37,835
38,628
39,625
40,622
41,605
42,594
43,593
44,584
45,587
46,578
47,564
48,564
49,570
50,544
51,549
52,506
53,523
54,530
55,545
56,534
57,515
58,500
59,494
60,494
61,493
62,490
63,486
64,456
65,468
66,460
67,457
68,458
69,450
70,432
71,442
72,438
73,431
74,414
75,416
76,418
77,371
78,306
79,309
80,310
81,315
82,300
83,296
84,300
85,295
86,306
87,303
88,294
89,294
90,292
91,293
92,296
93,291
94,294
95,292
96,262
97,274
98,280
99,284
100,286
101,278
102,276
103,282
104,270
105,252
106,272
107,274
108,262
109,266
110,264
111,269
112,284
113,286
114,248
115,247
116,252
117,259
118,234
119,231
120,262
121,257
122,242
123,245
124,244
125,242
126,252
127,246
128,244
129,233
130,236
131,244
132,228
133,237
134,216
135,219
136,234
137,228
138,238
139,229
140,224
141,217
142,226
143,230
144,218
145,213
146,230
147,222
148,210
149,206
150,214
151,214
152,206
153,209
154,208
155,190
156,150
157,156
158,144
159,150
160,156
161,156
162,158
163,163
164,154
165,150
166,156
167,143
168,164
169,155
170,154
171,148
172,150
173,151
174,154
175,151
176,154
177,148
178,152
179,152
180,144
181,145
182,146
183,145
184,152
185,152
186,146
187,150
188,134
189,138
190,152
191,152
192,140
193,143
194,116
195,131
196,140
197,134
198,154
199,148
200,148
201,149
202,138
203,142
204,124
205,132
206,138
207,140
208,146
209,141
210,134
211,126
212,118
213,132
214,128
215,139
216,128
217,128
218,134
219,133
220,136
221,136
222,130
223,133
224,140
225,141
226,142
227,145
228,140
229,132
230,126
231,130
232,112
233,118
234,128
235,132
236,130
237,122
238,120
239,118
240,114
241,121
242,134
243,133
244,122
245,116
246,136
247,127
248,132
249,127
250,124
251,120
252,124
253,129
254,118
255,116
256,126
257,127
258,116
259,117
260,104
261,110
262,122
263,126
264,122
265,120
266,110
267,114
268,126
269,122
270,100
271,103
272,118
273,119
274,112
275,114
276,108
277,120
278,106
279,104
280,116
281,116
282,110
283,109
284,104
285,106
286,116
287,121
288,110
289,108
290,114
291,112
292,100
293,105
294,118
295,112
296,108
297,107
298,104
299,103
300,102
301,104
302,110
303,108
304,106
305,106
306,102
307,103
308,106
309,104
310,108
311,102
312,76
313,71
314,86
315,85
316,78
317,74
318,76
319,82
320,68
321,73
322,80
323,78
324,78
325,77
326,82
327,84
328,82
329,81
330,76
331,73
332,76
333,82
334,68
335,69
336,62
337,70
338,88
339,74
340,88
341,91
342,62
343,64
344,76
345,75
346,78
347,79
348,74
349,73
350,78
351,73
352,80
353,77
354,82
355,82
356,64
357,66
358,86
359,82
360,76
361,73
362,78
363,72
364,82
365,76
366,80
367,75
368,76
369,77
370,74
371,76
372,76
373,73
374,78
375,74
376,86
377,77
378,66
379,68
380,70
381,73
382,78
383,75
384,80
385,77
386,68
387,72
388,72
389,64
390,60
391,64
392,80
393,72
394,78
395,73
396,60
397,64
398,86
399,81
400,68
401,70
402,78
403,77
404,76
405,71
406,72
407,71
408,78
409,71
410,60
411,70
412,60
413,65
414,70
415,68
416,78
417,72
418,82
419,76
420,68
421,71
422,64
423,64
424,54
425,52
426,66
427,67
428,80
429,72
430,66
431,67
432,82
433,71
434,70
435,69
436,60
437,65
438,66
439,62
440,76
441,71
442,72
443,77
444,56
445,62
446,60
447,64
448,68
449,72
450,66
451,71
452,68
453,68
454,74
455,74
456,74
457,68
458,78
459,68
460,66
461,66
462,62
463,64
464,68
465,66
466,50
467,55
468,64
469,68
470,54
471,66
472,60
473,64
474,62
475,61
476,58
477,59
478,64
479,61
480,56
481,58
482,56
483,60
484,64
485,65
486,70
487,67
488,70
489,66
490,58
491,60
492,48
493,58
494,66
495,61
496,64
497,64
498,68
499,67
500,58
501,58
502,64
503,63
504,56
505,59
506,62
507,63
508,70
509,63
510,62
511,62
512,54
513,57
514,70
515,66
516,68
517,65
518,56
519,58
520,62
521,57
522,54
523,55
524,62
525,61
526,66
527,66
528,66
529,64
530,60
531,58
532,64
533,60
534,56
535,58
536,60
537,63
538,62
539,64
540,56
541,52
542,52
543,54
544,54
545,60
546,52
547,60
548,52
549,54
550,56
551,58
552,58
553,61
554,44
555,54
556,70
557,59
558,54
559,51
560,56
561,58
562,58
563,56
564,62
565,58
566,56
567,56
568,52
569,54
570,50
571,54
572,52
573,52
574,62
575,61
576,66
577,63
578,52
579,53
580,54
581,58
582,52
583,54
584,54
585,51
586,52
587,55
588,56
589,59
590,56
591,56
592,54
593,54
594,54
595,52
596,58
597,55
598,54
599,55
600,50
601,52
602,50
603,52
604,52
605,52
606,56
607,54
608,56
609,51
610,62
611,60
612,48
613,51
614,50
615,55
616,44
617,50
618,52
619,53
620,48
621,52
622,54
623,54
624,44
625,43
626,36
627,33
628,38
629,40
630,44
631,48
632,34
633,37
634,40
635,38
636,36
637,37
638,42
639,44
640,46
641,42
642,32
643,36
644,40
645,39
646,44
647,41
648,40
649,40
650,40
651,43
652,32
653,37
654,42
655,45
656,38
657,43
658,38
659,38
660,42
661,38
662,42
663,40
664,32
665,35
666,40
667,39
668,52
669,43
670,36
671,35
672,36
673,32
674,34
675,40
676,34
677,37
678,46
679,36
680,36
681,41
682,40
683,43
684,50
685,42
686,28
687,30
688,36
689,36
690,44
691,40
692,40
693,40
694,38
695,38
696,38
697,37
698,40
699,39
700,38
701,38
702,42
703,38
704,38
705,37
706,44
707,42
708,36
709,37
710,44
711,41
712,44
713,41
714,28
715,33
716,30
717,33
718,48
719,44
720,36
721,39
722,36
723,39
724,30
725,32
726,42
727,37
728,34
729,35
730,48
731,40
732,40
733,38
734,40
735,39
736,34
737,31
738,46
739,40
740,44
741,40
742,38
743,40
744,36
745,36
746,42
747,37
748,38
749,40
750,36
751,34
752,40
753,43
754,42
755,35
756,42
757,39
758,34
759,37
760,32
761,36
762,30
763,32
764,44
765,44
766,34
767,37
768,36
769,37
770,42
771,39
772,38
773,34
774,38
775,38
776,38
777,39
778,34
779,30
780,30
781,28
782,34
783,36
784,32
785,36
786,38
787,36
788,32
789,37
790,36
791,35
792,34
793,31
794,34
795,36
796,30
797,38
798,40
799,40
800,36
801,39
802,28
803,31
804,36
805,39
806,36
807,37
808,38
809,40
810,36
811,32
812,38
813,37
814,38
815,34
816,38
817,38
818,44
819,37
820,34
821,33
822,30
823,32
824,48
825,41
826,30
827,31
828,40
829,40
830,30
831,31
832,32
833,37
834,38
835,39
836,28
837,35
838,40
839,37
840,36
841,38
842,28
843,33
844,36
845,32
846,38
847,36
848,32
849,27
850,32
851,29
852,24
853,28
854,34
855,36
856,32
857,35
858,44
859,37
860,34
861,29
862,42
863,37
864,34
865,39
866,38
867,38
868,26
869,31
870,38
871,36
872,34
873,37
874,24
875,28
876,36
877,37
878,30
879,32
880,26
881,34
882,34
883,32
884,34
885,35
886,36
887,42
888,32
889,34
890,22
891,26
892,40
893,35
894,30
895,32
896,36
897,36
898,32
899,35
900,42
901,36
902,38
903,39
904,36
905,36
906,32
907,36
908,28
909,31
910,40
911,39
912,34
913,36
914,38
915,36
916,30
917,39
918,32
919,32
920,28
921,31
922,34
923,33
924,34
925,37
926,24
927,27
928,38
929,40
930,28
931,31
932,32
933,31
934,24
935,28
936,28
937,31
938,30
939,31
940,44
941,34
942,32
943,34
944,42
945,36
946,32
947,33
948,34
949,31
950,36
951,33
952,28
953,31
954,24
955,26
956,30
957,32
958,32
959,32
960,30
961,29
962,32
963,34
964,24
965,26
966,30
967,29
968,36
969,38
970,28
971,31
972,34
973,36
974,36
975,34
976,32
977,32
978,38
979,34
980,32
981,33
982,26
983,31
984,28
985,25
986,28
987,30
988,38
989,36
990,34
991,34
992,24
993,27
994,38
995,34
996,36
997,36
998,34
999,33
1000,36
1001,32
1002,30
1003,29
1004,34
1005,31
1006,36
1007,35
1008,28
1009,28
1010,30
1011,31
1012,32
1013,35
1014,28
1015,32
1016,32
1017,32
1018,40
1019,34
1020,30
1021,30
1022,34
1023,32
1024,30
1025,31
1026,24
1027,27
1028,32
1029,32
1030,36
1031,30
1032,38
1033,35
1034,36
1035,34
1036,34
1037,30
1038,30
1039,30
1040,30
1041,30
1042,32
1043,29
1044,26
1045,27
1046,28
1047,27
1048,30
1049,32
1050,30
1051,30
1052,28
1053,30
1054,36
1055,35
1056,34
1057,34
1058,30
1059,30
1060,34
1061,31
1062,32
1063,30
1064,30
1065,32
1066,28
1067,31
1068,22
1069,24
1070,32
1071,30
1072,32
1073,32
1074,30
1075,34
1076,30
1077,28
1078,36
1079,32
1080,38
1081,32
1082,30
1083,28
1084,22
1085,24
1086,26
1087,25
1088,30
1089,29
1090,28
1091,30
1092,36
1093,32
1094,26
1095,31
1096,34
1097,32
1098,22
1099,27
1100,26
1101,29
1102,26
1103,29
1104,28
1105,29
1106,28
1107,31
1108,28
1109,27
1110,20
1111,24
1112,36
1113,35
1114,38
1115,31
1116,26
1117,28
1118,26
1119,24
1120,26
1121,28
1122,28
1123,31
1124,26
1125,28
1126,28
1127,30
1128,24
1129,29
1130,28
1131,30
1132,24
1133,26
1134,30
1135,29
1136,28
1137,30
1138,22
1139,25
1140,30
1141,32
1142,18
1143,26
1144,26
1145,24
1146,30
1147,29
1148,26
1149,31
1150,26
1151,29
1152,30
1153,34
1154,28
1155,29
1156,34
1157,31
1158,24
1159,27
1160,28
1161,28
1162,26
1163,30
1164,28
1165,29
1166,24
1167,27
1168,26
1169,28
1170,26
1171,26
1172,24
1173,22
1174,32
1175,30
1176,32
1177,29
1178,30
1179,28
1180,36
1181,34
1182,26
1183,27
1184,30
1185,28
1186,30
1187,28
1188,30
1189,27
1190,28
1191,27
1192,26
1193,27
1194,32
1195,29
1196,26
1197,28
1198,22
1199,25
1200,28
1201,28
1202,22
1203,25
1204,24
1205,25
1206,24
1207,27
1208,26
1209,27
1210,24
1211,26
1212,26
1213,29
1214,24
1215,24
1216,32
1217,29
1218,30
1219,27
1220,24
1221,26
1222,34
1223,32
1224,24
1225,25
1226,24
1227,24
1228,32
1229,30
1230,24
1231,26
1232,34
1233,28
1234,24
1235,29
1236,22
1237,24
1238,30
1239,28
1240,28
1241,28
1242,22
1243,25
1244,28
1245,26
1246,32
1247,30
1248,26
1249,24
1250,22
1251,22
1252,22
1253,21
1254,18
1255,18
1256,14
1257,17
1258,18
1259,21
1260,22
1261,23
1262,20
1263,23
1264,28
1265,22
1266,20
1267,22
1268,18
1269,20
1270,16
1271,18
1272,18
1273,16
1274,20
1275,19
1276,22
1277,21
1278,22
1279,24
1280,22
1281,22
1282,22
1283,19
1284,22
1285,19
1286,18
1287,20
1288,20
1289,17
1290,28
1291,22
1292,20
1293,20
1294,24
1295,23
1296,18
1297,19
1298,22
1299,21
1300,22
1301,20
1302,24
1303,26
1304,20
1305,20
1306,14
1307,19
1308,18
1309,19
1310,22
1311,22
1312,26
1313,21
1314,24
1315,24
1316,24
1317,23
1318,18
1319,20
1320,14
1321,19
1322,20
1323,20
1324,16
1325,19
1326,22
1327,20
1328,20
1329,18
1330,18
1331,18
1332,18
1333,20
1334,20
1335,17
1336,26
1337,29
1338,20
1339,17
1340,20
1341,19
1342,20
1343,19
1344,18
1345,16
1346,24
1347,20
1348,16
1349,18
1350,16
1351,20
1352,22
1353,22
1354,14
1355,17
1356,22
1357,20
1358,28
1359,21
1360,12
1361,15
1362,20
1363,22
1364,22
1365,22
1366,20
1367,24
1368,22
1369,22
1370,28
1371,25
1372,12
1373,17
1374,8
1375,12
1376,18
1377,21
1378,14
1379,18
1380,16
1381,23
1382,12
1383,16
1384,20
1385,18
1386,26
1387,27
1388,16
1389,20
1390,16
1391,19
1392,18
1393,19
1394,16
1395,17
1396,20
1397,21
1398,18
1399,17
1400,18
1401,21
1402,14
1403,17
1404,20
1405,23
1406,16
1407,17
1408,16
1409,19
1410,18
1411,20
1412,16
1413,18
1414,24
1415,24
1416,14
1417,17
1418,18
1419,20
1420,18
1421,19
1422,24
1423,23
1424,20
1425,23
1426,20
1427,19
1428,24
1429,20
1430,14
1431,18
1432,18
1433,16
1434,18
1435,16
1436,20
1437,19
1438,32
1439,25
1440,20
1441,20
1442,18
1443,21
1444,20
1445,18
1446,18
1447,20
1448,24
1449,21
1450,14
1451,14
1452,20
1453,20
1454,24
1455,22
1456,16
1457,19
1458,10
1459,13
1460,18
1461,22
1462,24
1463,18
1464,20
1465,21
1466,20
1467,16
1468,24
1469,20
1470,28
1471,25
1472,18
1473,18
1474,18
1475,17
1476,14
1477,17
1478,28
1479,25
1480,14
1481,16
1482,28
1483,25
1484,16
1485,18
1486,20
1487,23
1488,16
1489,15
1490,20
1491,20
1492,18
1493,18
1494,24
1495,18
1496,20
1497,22
1498,14
1499,17
1500,18
1501,21
1502,14
1503,13
1504,20
1505,22
1506,18
1507,19
1508,24
1509,24
1510,18
1511,19
1512,10
1513,16
1514,18
1515,20
1516,16
1517,15
1518,20
1519,23
1520,16
1521,17
1522,14
1523,17
1524,22
1525,20
1526,14
1527,15
1528,18
1529,21
1530,22
1531,23
1532,20
1533,20
1534,18
1535,19
1536,22
1537,21
1538,16
1539,19
1540,16
1541,20
1542,20
1543,19
1544,18
1545,20
1546,18
1547,17
1548,16
1549,18
1550,20
1551,21
1552,18
1553,21
1554,16
1555,19
1556,18
1557,17
1558,22
1559,17
1560,18
1561,17
1562,16
1563,14
1564,16
1565,16
1566,20
1567,21
1568,18
1569,19
1570,12
1571,14
1572,24
1573,25
1574,14
1575,13
1576,22
1577,22
1578,12
1579,15
1580,22
1581,21
1582,18
1583,17
1584,18
1585,18
1586,18
1587,16
1588,16
1589,17
1590,18
1591,20
1592,16
1593,14
1594,20
1595,21
1596,24
1597,24
1598,20
1599,21
1600,20
1601,18
1602,20
1603,20
1604,24
1605,17
1606,18
1607,19
1608,14
1609,16
1610,20
1611,21
1612,20
1613,21
1614,16
1615,16
1616,24
1617,25
1618,12
1619,17
1620,20
1621,18
1622,22
1623,19
1624,12
1625,15
1626,22
1627,21
1628,16
1629,19
1630,18
1631,18
1632,14
1633,19
1634,14
1635,17
1636,20
1637,18
1638,28
1639,22
1640,16
1641,20
1642,12
1643,13
1644,18
1645,17
1646,16
1647,17
1648,18
1649,21
1650,24
1651,18
1652,24
1653,19
1654,18
1655,16
1656,18
1657,21
1658,18
1659,21
1660,18
1661,19
1662,14
1663,18
1664,14
1665,16
1666,12
1667,17
1668,22
1669,20
1670,18
1671,19
1672,22
1673,18
1674,16
1675,17
1676,26
1677,23
1678,20
1679,19
1680,18
1681,20
1682,16
1683,20
1684,16
1685,17
1686,14
1687,18
1688,18
1689,17
1690,20
1691,18
1692,14
1693,18
1694,16
1695,16
1696,18
1697,17
1698,16
1699,14
1700,12
1701,14
1702,18
1703,14
1704,18
1705,16
1706,12
1707,14
1708,18
1709,20
1710,14
1711,16
1712,22
1713,19
1714,16
1715,18
1716,20
1717,21
1718,22
1719,20
1720,16
1721,16
1722,20
1723,15
1724,16
1725,18
1726,18
1727,18
1728,14
1729,15
1730,20
1731,18
1732,28
1733,22
1734,24
1735,22
1736,18
1737,17
1738,12
1739,16
1740,16
1741,18
1742,18
1743,17
1744,18
1745,18
1746,20
1747,20
1748,20
1749,17
1750,12
1751,15
1752,14
1753,17
1754,18
1755,17
1756,22
1757,19
1758,16
1759,18
1760,16
1761,15
1762,14
1763,20
1764,18
1765,16
1766,18
1767,16
1768,18
1769,17
1770,20
1771,19
1772,20
1773,18
1774,20
1775,23
1776,20
1777,18
1778,16
1779,16
1780,22
1781,17
1782,12
1783,13
1784,18
1785,20
1786,20
1787,17
1788,20
1789,17
1790,18
1791,19
1792,14
1793,18
1794,16
1795,17
1796,18
1797,17
1798,16
1799,17
1800,20
1801,20
1802,22
1803,18
1804,16
1805,19
1806,16
1807,17
1808,20
1809,21
1810,16
1811,16
1812,20
1813,21
1814,10
1815,16
1816,16
1817,16
1818,14
1819,14
1820,20
1821,21
1822,18
1823,16
1824,26
1825,19
1826,24
1827,24
1828,16
1829,20
1830,18
1831,19
1832,14
1833,15
1834,16
1835,19
1836,28
1837,22
1838,14
1839,16
1840,14
1841,16
1842,12
1843,16
1844,16
1845,16
1846,16
1847,15
1848,20
1849,18
1850,18
1851,20
1852,20
1853,15
1854,14
1855,15
1856,16
1857,16
1858,24
1859,21
1860,24
1861,23
1862,6
1863,10
1864,22
1865,18
1866,18
1867,15
1868,16
1869,13
1870,16
1871,16
1872,18
1873,16
1874,16
1875,16
1876,18
1877,19
1878,12
1879,13
1880,18
1881,21
1882,18
1883,13
1884,18
1885,15
1886,20
1887,20
1888,16
1889,18
1890,22
1891,18
1892,16
1893,18
1894,12
1895,14
1896,20
1897,17
1898,20
1899,17
1900,16
1901,15
1902,22
1903,20
1904,12
1905,12
1906,18
1907,16
1908,20
1909,18
1910,12
1911,12
1912,20
1913,19
1914,14
1915,14
1916,22
1917,19
1918,18
1919,14
1920,22
1921,18
1922,18
1923,16
1924,16
1925,15
1926,18
1927,17
1928,20
1929,17
1930,12
1931,14
1932,14
1933,15
1934,14
1935,13
1936,18
1937,18
1938,16
1939,19
1940,18
1941,16
1942,16
1943,19
1944,12
1945,14
1946,20
1947,21
1948,16
1949,18
1950,16
1951,16
1952,18
1953,17
1954,16
1955,15
1956,20
1957,19
1958,22
1959,18
1960,18
1961,20
1962,10
1963,14
1964,16
1965,12
1966,16
1967,16
1968,20
1969,18
1970,14
1971,12
1972,14
1973,15
1974,12
1975,14
1976,14
1977,17
1978,20
1979,20
1980,18
1981,19
1982,16
1983,16
1984,16
1985,16
1986,12
1987,15
1988,12
1989,15
1990,22
1991,19
1992,14
1993,13
1994,24
1995,21
1996,18
1997,16
1998,22
1999,20
2000,12
2001,12
2002,24
2003,20
2004,14
2005,16
2006,12
2007,12
2008,14
2009,15
2010,20
2011,15
2012,20
2013,21
2014,14
2015,14
2016,22
2017,18
2018,16
2019,14
2020,16
2021,14
2022,20
2023,17
2024,20
2025,18
2026,16
2027,18
2028,18
2029,19
2030,10
2031,13
2032,22
2033,20
2034,12
2035,11
2036,22
2037,23
2038,18
2039,16
2040,12
2041,15
2042,14
2043,15
2044,16
2045,17
2046,18
2047,18
2048,14
2049,16
2050,14
2051,12
2052,22
2053,17
2054,16
2055,13
2056,18
2057,21
2058,8
2059,14
2060,14
2061,16
2062,18
2063,14
2064,14
2065,16
2066,22
2067,21
2068,12
2069,16
2070,18
2071,16
2072,20
2073,19
2074,16
2075,16
2076,12
2077,15
2078,14
2079,15
2080,16
2081,14
2082,20
2083,18
2084,16
2085,16
2086,16
2087,18
2088,10
2089,12
2090,16
2091,15
2092,16
2093,14
2094,16
2095,15
2096,14
2097,15
2098,14
2099,15
2100,16
2101,17
2102,14
2103,14
2104,20
2105,19
2106,14
2107,14
2108,18
2109,20
2110,14
2111,16
2112,16
2113,17
2114,18
2115,21
2116,12
2117,14
2118,16
2119,15
2120,16
2121,17
2122,16
2123,15
2124,14
2125,16
2126,16
2127,14
2128,18
2129,18
2130,12
2131,14
2132,20
2133,17
2134,16
2135,17
2136,16
2137,14
2138,12
2139,12
2140,14
2141,14
2142,22
2143,21
2144,10
2145,14
2146,14
2147,18
2148,14
2149,16
2150,14
2151,14
2152,24
2153,20
2154,16
2155,14
2156,16
2157,16
2158,18
2159,19
2160,10
2161,14
2162,20
2163,17
2164,12
2165,14
2166,16
2167,15
2168,14
2169,11
2170,16
2171,16
2172,12
2173,14
2174,12
2175,12
2176,14
2177,14
2178,16
2179,17
2180,12
2181,16
2182,8
2183,10
2184,18
2185,19
2186,18
2187,17
2188,12
2189,14
2190,10
2191,15
2192,18
2193,18
2194,16
2195,16
2196,16
2197,13
2198,14
2199,14
2200,16
2201,14
2202,14
2203,17
2204,14
2205,15
2206,14
2207,14
2208,20
2209,16
2210,16
2211,16
2212,16
2213,15
2214,16
2215,17
2216,16
2217,15
2218,16
2219,13
2220,18
2221,14
2222,12
2223,16
2224,10
2225,13
2226,20
2227,21
2228,12
2229,15
2230,18
2231,15
2232,14
2233,15
2234,12
2235,15
2236,14
2237,13
2238,16
2239,13
2240,12
2241,13
2242,14
2243,15
2244,14
2245,16
2246,12
2247,14
2248,18
2249,15
2250,14
2251,15
2252,16
2253,16
2254,12
2255,13
2256,20
2257,15
2258,14
2259,16
2260,16
2261,15
2262,16
2263,13
2264,22
2265,17
2266,16
2267,15
2268,14
2269,15
2270,16
2271,16
2272,14
2273,15
2274,14
2275,14
2276,18
2277,15
2278,12
2279,14
2280,14
2281,18
2282,8
2283,11
2284,16
2285,12
2286,12
2287,14
2288,20
2289,19
2290,8
2291,9
2292,14
2293,15
2294,14
2295,16
2296,12
2297,15
2298,8
2299,10
2300,24
2301,18
2302,14
2303,15
2304,16
2305,15
2306,16
2307,19
2308,16
2309,16
2310,14
2311,16
2312,12
2313,10
2314,24
2315,19
2316,12
2317,12
2318,14
2319,16
2320,12
2321,14
2322,12
2323,13
2324,16
2325,13
2326,16
2327,14
2328,22
2329,18
2330,14
2331,16
2332,12
2333,13
2334,12
2335,14
2336,14
2337,15
2338,12
2339,13
2340,16
2341,14
2342,14
2343,14
2344,14
2345,13
2346,14
2347,13
2348,8
2349,12
2350,16
2351,16
2352,14
2353,13
2354,20
2355,20
2356,8
2357,10
2358,18
2359,15
2360,16
2361,20
2362,10
2363,14
2364,14
2365,12
2366,16
2367,14
2368,14
2369,15
2370,14
2371,13
2372,16
2373,16
2374,16
2375,13
2376,16
2377,17
2378,14
2379,14
2380,12
2381,12
2382,16
2383,15
2384,14
2385,13
2386,16
2387,14
2388,18
2389,17
2390,16
2391,16
2392,12
2393,13
2394,14
2395,15
2396,16
2397,14
2398,8
2399,14
2400,10
2401,10
2402,18
2403,16
2404,14
2405,13
2406,12
2407,15
2408,10
2409,10
2410,16
2411,15
2412,12
2413,12
2414,16
2415,14
2416,14
2417,13
2418,16
2419,15
2420,14
2421,12
2422,16
2423,15
2424,14
2425,16
2426,8
2427,9
2428,22
2429,18
2430,12
2431,14
2432,10
2433,11
2434,18
2435,15
2436,16
2437,17
2438,12
2439,15
2440,8
2441,11
2442,8
2443,10
2444,18
2445,18
2446,16
2447,17
2448,16
2449,15
2450,12
2451,12
2452,16
2453,13
2454,16
2455,11
2456,18
2457,18
2458,16
2459,12
2460,20
2461,16
2462,14
2463,17
2464,10
2465,14
2466,16
2467,14
2468,12
2469,11
2470,12
2471,16
2472,16
2473,15
2474,10
2475,12
2476,14
2477,15
2478,12
2479,11
2480,16
2481,17
2482,12
2483,11
2484,18
2485,14
2486,14
2487,13
2488,16
2489,15
2490,14
2491,12
2492,14
2493,15
2494,16
2495,16
2496,16
2497,15
2498,12
2499,13
2500,8
2501,9
2502,14
2503,13
2504,8
2505,11
2506,10
2507,9
2508,10
2509,11
2510,8
2511,8
2512,10
2513,9
2514,8
2515,8
2516,10
2517,10
2518,10
2519,12
2520,10
2521,10
2522,12
2523,12
2524,14
2525,13
2526,10
2527,11
2528,14
2529,13
2530,18
2531,13
2532,10
2533,8
2534,12
2535,9
2536,18
2537,11
2538,16
2539,15
2540,10
2541,9
2542,12
2543,13
2544,8
2545,8
2546,8
2547,8
2548,6
2549,9
2550,12
2551,10
2552,10
2553,12
2554,6
2555,8
2556,10
2557,10
2558,14
2559,13
2560,14
2561,14
2562,8
2563,10
2564,8
2565,9
2566,14
2567,11
2568,10
2569,11
2570,10
2571,12
2572,4
2573,7
2574,10
2575,11
2576,10
2577,10
2578,10
2579,8
2580,10
2581,13
2582,12
2583,12
2584,6
2585,9
2586,10
2587,12
2588,8
2589,12
2590,8
2591,10
2592,12
2593,11
2594,10
2595,9
2596,12
2597,11
2598,14
2599,14
2600,6
2601,11
2602,6
2603,7
2604,10
2605,10
2606,16
2607,13
2608,16
2609,14
2610,10
2611,10
2612,12
2613,11
2614,8
2615,12
2616,6
2617,7
2618,12
2619,11
2620,10
2621,11
2622,10
2623,12
2624,8
2625,11
2626,14
2627,13
2628,6
2629,6
2630,16
2631,14
2632,10
2633,10
2634,16
2635,15
2636,8
2637,11
2638,6
2639,7
2640,16
2641,12
2642,8
2643,10
2644,12
2645,14
2646,6
2647,11
2648,6
2649,8
2650,6
2651,8
2652,8
2653,11
2654,8
2655,9
2656,4
2657,6
2658,14
2659,11
2660,10
2661,11
2662,8
2663,8
2664,12
2665,12
2666,6
2667,9
2668,12
2669,11
2670,10
2671,9
2672,10
2673,10
2674,16
2675,19
2676,10
2677,11
2678,10
2679,10
2680,6
2681,9
2682,10
2683,8
2684,12
2685,13
2686,8
2687,9
2688,10
2689,11
2690,8
2691,8
2692,8
2693,11
2694,8
2695,9
2696,6
2697,8
2698,8
2699,8
2700,14
2701,12
2702,10
2703,11
2704,12
2705,12
2706,10
2707,11
2708,12
2709,12
2710,4
2711,10
2712,8
2713,9
2714,12
2715,13
2716,8
2717,11
2718,16
2719,11
2720,6
2721,7
2722,6
2723,5
2724,12
2725,9
2726,16
2727,14
2728,12
2729,11
2730,12
2731,13
2732,8
2733,10
2734,8
2735,10
2736,16
2737,15
2738,10
2739,11
2740,8
2741,9
2742,20
2743,15
2744,12
2745,9
2746,8
2747,10
2748,8
2749,5
2750,8
2751,9
2752,8
2753,9
2754,8
2755,10
2756,12
2757,10
2758,6
2759,10
2760,8
2761,10
2762,6
2763,11
2764,10
2765,9
2766,6
2767,9
2768,8
2769,10
2770,8
2771,7
2772,10
2773,11
2774,16
2775,14
2776,14
2777,12
2778,6
2779,11
2780,8
2781,9
2782,6
2783,8
2784,14
2785,11
2786,12
2787,12
2788,10
2789,11
2790,6
2791,10
2792,6
2793,9
2794,10
2795,9
2796,12
2797,11
2798,12
2799,9
2800,10
2801,9
2802,12
2803,12
2804,12
2805,12
2806,6
2807,8
2808,10
2809,10
2810,10
2811,12
2812,12
2813,13
2814,4
2815,5
2816,14
2817,11
2818,10
2819,10
2820,8
2821,9
2822,10
2823,13
2824,6
2825,7
2826,8
2827,9
2828,8
2829,9
2830,14
2831,17
2832,6
2833,9
2834,4
2835,9
2836,8
2837,11
2838,6
2839,11
2840,10
2841,11
2842,10
2843,13
2844,8
2845,9
2846,16
2847,14
2848,10
2849,11
2850,10
2851,12
2852,8
2853,9
2854,12
2855,9
2856,12
2857,11
2858,10
2859,11
2860,4
2861,5
2862,10
2863,12
2864,10
2865,10
2866,8
2867,7
2868,6
2869,10
2870,8
2871,9
2872,6
2873,9
2874,6
2875,10
2876,6
2877,11
2878,14
2879,12
2880,10
2881,10
2882,12
2883,11
2884,14
2885,12
2886,10
2887,9
2888,18
2889,14
2890,10
2891,11
2892,8
2893,8
2894,12
2895,11
2896,14
2897,11
2898,14
2899,12
2900,6
2901,6
2902,10
2903,9
2904,8
2905,8
2906,12
2907,12
2908,10
2909,9
2910,12
2911,10
2912,12
2913,10
2914,8
2915,9
2916,14
2917,9
2918,6
2919,8
2920,8
2921,8
2922,12
2923,12
2924,14
2925,14
2926,12
2927,10
2928,8
2929,9
2930,12
2931,11
2932,10
2933,11
2934,10
2935,8
2936,6
2937,11
2938,8
2939,10
2940,6
2941,9
2942,16
2943,15
2944,10
2945,9
2946,10
2947,11
2948,8
2949,7
2950,10
2951,8
2952,10
2953,10
2954,6
2955,8
2956,8
2957,12
2958,14
2959,11
2960,14
2961,11
2962,6
2963,7
2964,10
2965,12
2966,14
2967,13
2968,10
2969,10
2970,6
2971,10
2972,6
2973,7
2974,14
2975,14
2976,10
2977,10
2978,8
2979,9
2980,4
2981,9
2982,6
2983,7
2984,14
2985,11
2986,10
2987,10
2988,10
2989,11
2990,12
2991,10
2992,8
2993,10
2994,8
2995,11
2996,8
2997,8
2998,8
2999,9
3000,10
3001,12
3002,8
3003,12
3004,12
3005,8
3006,14
3007,11
3008,8
3009,11
3010,8
3011,11
3012,10
3013,11
3014,10
3015,10
3016,12
3017,15
3018,8
3019,10
3020,14
3021,12
3022,10
3023,9
3024,16
3025,12
3026,4
3027,8
3028,12
3029,9
3030,10
3031,12
3032,8
3033,8
3034,8
3035,8
3036,8
3037,8
3038,12
3039,12
3040,16
3041,11
3042,14
3043,11
3044,10
3045,10
3046,6
3047,8
3048,14
3049,10
3050,14
3051,14
3052,4
3053,6
3054,6
3055,7
3056,10
3057,9
3058,10
3059,10
3060,16
3061,13
3062,12
3063,12
3064,12
3065,10
3066,12
3067,11
3068,10
3069,11
3070,6
3071,8
3072,12
3073,12
3074,10
3075,11
3076,10
3077,10
3078,4
3079,8
3080,10
3081,12
3082,4
3083,9
3084,12
3085,11
3086,14
3087,10
3088,14
3089,13
3090,6
3091,10
3092,8
3093,6
3094,14
3095,11
3096,10
3097,9
3098,8
3099,11
3100,10
3101,10
3102,12
3103,14
3104,8
3105,10
3106,8
3107,9
3108,14
3109,11
3110,10
3111,11
3112,10
3113,10
3114,10
3115,8
3116,10
3117,10
3118,12
3119,9
3120,8
3121,7
3122,12
3123,9
3124,10
3125,9
3126,6
3127,6
3128,8
3129,11
3130,4
3131,6
3132,10
3133,10
3134,8
3135,10
3136,12
3137,10
3138,10
3139,12
3140,4
3141,7
3142,4
3143,8
3144,6
3145,8
3146,12
3147,12
3148,16
3149,10
3150,12
3151,10
3152,6
3153,7
3154,14
3155,15
3156,6
3157,6
3158,8
3159,9
3160,8
3161,11
3162,10
3163,13
3164,6
3165,7
3166,6
3167,8
3168,8
3169,10
3170,8
3171,7
3172,12
3173,12
3174,8
3175,7
3176,8
3177,9
3178,8
3179,6
3180,14
3181,14
3182,6
3183,8
3184,16
3185,11
3186,8
3187,8
3188,6
3189,9
3190,8
3191,10
3192,10
3193,12
3194,10
3195,10
3196,12
3197,11
3198,12
3199,10
3200,16
3201,12
3202,12
3203,13
3204,4
3205,7
3206,14
3207,14
3208,6
3209,10
3210,12
3211,10
3212,4
3213,6
3214,10
3215,12
3216,6
3217,6
3218,8
3219,11
3220,6
3221,7
3222,12
3223,11
3224,16
3225,15
3226,6
3227,9
3228,12
3229,9
3230,12
3231,10
3232,10
3233,9
3234,12
3235,12
3236,14
3237,11
3238,6
3239,9
3240,12
3241,11
3242,10
3243,10
3244,6
3245,10
3246,10
3247,10
3248,8
3249,8
3250,6
3251,6
3252,10
3253,13
3254,8
3255,8
3256,10
3257,8
3258,12
3259,11
3260,16
3261,13
3262,6
3263,7
3264,10
3265,11
3266,6
3267,12
3268,8
3269,9
3270,6
3271,9
3272,8
3273,9
3274,10
3275,10
3276,8
3277,10
3278,16
3279,12
3280,10
3281,10
3282,4
3283,8
3284,14
3285,10
3286,6
3287,6
3288,10
3289,9
3290,8
3291,9
3292,8
3293,9
3294,8
3295,8
3296,14
3297,13
3298,6
3299,7
3300,14
3301,14
3302,8
3303,9
3304,6
3305,8
3306,14
3307,12
3308,6
3309,5
3310,14
3311,11
3312,6
3313,8
3314,10
3315,9
3316,16
3317,11
3318,14
3319,14
3320,10
3321,6
3322,16
3323,12
3324,10
3325,10
3326,8
3327,11
3328,10
3329,8
3330,10
3331,11
3332,8
3333,6
3334,8
3335,7
3336,14
3337,13
3338,12
3339,12
3340,8
3341,9
3342,8
3343,10
3344,10
3345,10
3346,10
3347,10
3348,6
3349,7
3350,8
3351,10
3352,8
3353,10
3354,12
3355,14
3356,4
3357,9
3358,8
3359,10
3360,8
3361,8
3362,6
3363,7
3364,16
3365,13
3366,10
3367,14
3368,6
3369,9
3370,6
3371,7
3372,8
3373,10
3374,4
3375,8
3376,10
3377,8
3378,14
3379,11
3380,10
3381,12
3382,8
3383,9
3384,10
3385,10
3386,8
3387,8
3388,14
3389,12
3390,8
3391,10
3392,6
3393,8
3394,12
3395,12
3396,8
3397,9
3398,8
3399,9
3400,4
3401,6
3402,8
3403,9
3404,8
3405,9
3406,10
3407,7
3408,8
3409,6
3410,10
3411,9
3412,8
3413,8
3414,6
3415,8
3416,6
3417,7
3418,12
3419,14
3420,8
3421,10
3422,4
3423,8
3424,8
3425,10
3426,12
3427,10
3428,12
3429,11
3430,10
3431,9
3432,12
3433,11
3434,10
3435,11
3436,8
3437,9
3438,12
3439,8
3440,12
3441,11
3442,8
3443,9
3444,6
3445,8
3446,12
3447,10
3448,6
3449,6
3450,8
3451,9
3452,10
3453,9
3454,10
3455,10
3456,10
3457,11
3458,4
3459,5
3460,8
3461,9
3462,10
3463,10
3464,10
3465,9
3466,18
3467,13
3468,6
3469,10
3470,10
3471,12
3472,8
3473,9
3474,10
3475,10
3476,6
3477,7
3478,6
3479,9
3480,10
3481,10
3482,8
3483,8
3484,12
3485,7
3486,16
3487,13
3488,8
3489,8
3490,10
3491,11
3492,6
3493,7
3494,12
3495,11
3496,8
3497,8
3498,12
3499,13
3500,4
3501,6
3502,8
3503,6
3504,16
3505,13
3506,6
3507,8
3508,10
3509,9
3510,10
3511,10
3512,8
3513,11
3514,8
3515,7
3516,12
3517,12
3518,6
3519,8
3520,10
3521,10
3522,8
3523,7
3524,8
3525,7
3526,10
3527,12
3528,10
3529,9
3530,12
3531,9
3532,10
3533,8
3534,12
3535,11
3536,6
3537,8
3538,8
3539,10
3540,4
3541,8
3542,10
3543,10
3544,8
3545,10
3546,10
3547,8
3548,10
3549,10
3550,12
3551,12
3552,14
3553,13
3554,6
3555,10
3556,4
3557,9
3558,4
3559,5
3560,10
3561,10
3562,12
3563,9
3564,8
3565,8
3566,6
3567,8
3568,6
3569,9
3570,8
3571,9
3572,10
3573,9
3574,16
3575,12
3576,8
3577,7
3578,14
3579,11
3580,8
3581,8
3582,12
3583,13
3584,6
3585,7
3586,8
3587,9
3588,16
3589,14
3590,6
3591,6
3592,14
3593,9
3594,16
3595,15
3596,6
3597,10
3598,6
3599,9
3600,6
3601,10
3602,6
3603,7
3604,10
3605,14
3606,8
3607,10
3608,4
3609,5
3610,10
3611,11
3612,6
3613,7
3614,10
3615,10
3616,8
3617,8
3618,12
3619,11
3620,12
3621,11
3622,10
3623,11
3624,6
3625,7
3626,12
3627,14
3628,8
3629,7
3630,6
3631,10
3632,8
3633,9
3634,8
3635,9
3636,8
3637,8
3638,8
3639,6
3640,12
3641,12
3642,10
3643,12
3644,10
3645,12
3646,6
3647,7
3648,4
3649,9
3650,12
3651,8
3652,10
3653,10
3654,14
3655,13
3656,12
3657,12
3658,6
3659,10
3660,8
3661,7
3662,12
3663,12
3664,12
3665,9
3666,10
3667,8
3668,10
3669,8
3670,10
3671,13
3672,8
3673,13
3674,12
3675,9
3676,10
3677,9
3678,8
3679,9
3680,10
3681,8
3682,8
3683,8
3684,10
3685,9
3686,6
3687,6
3688,14
3689,12
3690,8
3691,8
3692,8
3693,7
3694,12
3695,10
3696,8
3697,10
3698,8
3699,8
3700,10
3701,9
3702,10
3703,9
3704,16
3705,12
3706,8
3707,7
3708,6
3709,6
3710,12
3711,8
3712,12
3713,10
3714,10
3715,11
3716,6
3717,9
3718,12
3719,11
3720,10
3721,10
3722,12
3723,12
3724,10
3725,7
3726,4
3727,5
3728,10
3729,12
3730,8
3731,7
3732,10
3733,9
3734,10
3735,7
3736,10
3737,9
3738,8
3739,7
3740,6
3741,5
3742,14
3743,9
3744,14
3745,14
3746,6
3747,7
3748,8
3749,8
3750,8
3751,8
3752,8
3753,9
3754,6
3755,8
3756,10
3757,10
3758,4
3759,5
3760,8
3761,10
3762,8
3763,9
3764,16
3765,13
3766,10
3767,7
3768,6
3769,8
3770,10
3771,10
3772,6
3773,7
3774,8
3775,7
3776,12
3777,11
3778,8
3779,9
3780,10
3781,11
3782,12
3783,8
3784,8
3785,7
3786,14
3787,11
3788,14
3789,10
3790,10
3791,9
3792,8
3793,10
3794,10
3795,9
3796,8
3797,7
3798,12
3799,9
3800,8
3801,11
3802,4
3803,4
3804,10
3805,11
3806,12
3807,10
3808,12
3809,10
3810,6
3811,7
3812,6
3813,8
3814,8
3815,8
3816,6
3817,8
3818,12
3819,9
3820,10
3821,9
3822,4
3823,4
3824,10
3825,10
3826,8
3827,7
3828,10
3829,7
3830,12
3831,9
3832,10
3833,10
3834,6
3835,6
3836,12
3837,12
3838,8
3839,7
3840,6
3841,9
3842,10
3843,9
3844,8
3845,9
3846,8
3847,6
3848,12
3849,10
3850,8
3851,6
3852,10
3853,10
3854,10
3855,10
3856,8
3857,9
3858,12
3859,11
3860,6
3861,6
3862,6
3863,8
3864,8
3865,9
3866,4
3867,6
3868,10
3869,9
3870,6
3871,8
3872,6
3873,9
3874,6
3875,9
3876,8
3877,8
3878,8
3879,11
3880,8
3881,9
3882,10
3883,7
3884,10
3885,10
3886,6
3887,9
3888,8
3889,8
3890,6
3891,8
3892,8
3893,6
3894,16
3895,14
3896,12
3897,10
3898,8
3899,9
3900,10
3901,10
3902,10
3903,8
3904,10
3905,8
3906,10
3907,10
3908,8
3909,6
3910,12
3911,10
3912,8
3913,6
3914,18
3915,15
3916,6
3917,6
3918,18
3919,14
3920,8
3921,8
3922,12
3923,10
3924,10
3925,7
3926,8
3927,8
3928,8
3929,8
3930,12
3931,9
3932,4
3933,6
3934,8
3935,7
3936,10
3937,12
3938,10
3939,7
3940,12
3941,11
3942,6
3943,6
3944,6
3945,6
3946,8
3947,8
3948,8
3949,7
3950,8
3951,9
3952,8
3953,10
3954,6
3955,10
3956,8
3957,11
3958,8
3959,8
3960,14
3961,12
3962,6
3963,9
3964,8
3965,7
3966,8
3967,7
3968,12
3969,11
3970,6
3971,8
3972,8
3973,7
3974,6
3975,8
3976,8
3977,10
3978,2
3979,4
3980,14
3981,12
3982,12
3983,12
3984,4
3985,7
3986,6
3987,8
3988,4
3989,11
3990,6
3991,7
3992,8
3993,10
3994,10
3995,8
3996,10
3997,10
3998,12
3999,12
4000,6
4001,6
4002,8
4003,8
4004,6
4005,8
4006,14
4007,12
4008,6
4009,5
4010,10
4011,9
4012,12
4013,10
4014,6
4015,7
4016,6
4017,5
4018,10
4019,9
4020,10
4021,12
4022,6
4023,4
4024,10
4025,8
4026,12
4027,13
4028,10
4029,8
4030,8
4031,10
4032,6
4033,8
4034,12
4035,10
4036,8
4037,6
4038,10
4039,9
4040,4
4041,4
4042,12
4043,8
4044,8
4045,11
4046,8
4047,7
4048,10
4049,9
4050,10
4051,11
4052,6
4053,8
4054,8
4055,8
4056,12
4057,10
4058,10
4059,8
4060,16
4061,10
4062,6
4063,5
4064,14
4065,14
4066,6
4067,6
4068,14
4069,9
4070,8
4071,6
4072,8
4073,9
4074,12
4075,11
4076,14
4077,12
4078,10
4079,10
4080,6
4081,6
4082,8
4083,8
4084,12
4085,10
4086,6
4087,7
4088,10
4089,10
4090,6
4091,6
4092,14
4093,15
4094,4
4095,7
4096,8
4097,7
4098,8
4099,8
4100,10
4101,10
4102,6
4103,5
4104,8
4105,9
4106,12
4107,9
4108,8
4109,11
4110,4
4111,5
4112,6
4113,6
4114,12
4115,11
4116,8
4117,7
4118,4
4119,8
4120,10
4121,7
4122,12
4123,11
4124,10
4125,10
4126,8
4127,7
4128,6
4129,7
4130,8
4131,8
4132,12
4133,14
4134,8
4135,7
4136,14
4137,10
4138,8
4139,8
4140,14
4141,13
4142,8
4143,6
4144,10
4145,11
4146,6
4147,6
4148,12
4149,13
4150,4
4151,6
4152,8
4153,8
4154,4
4155,7
4156,8
4157,7
4158,10
4159,8
4160,12
4161,12
4162,6
4163,8
4164,4
4165,6
4166,14
4167,10
4168,12
4169,9
4170,10
4171,9
4172,8
4173,9
4174,6
4175,7
4176,12
4177,9
4178,6
4179,6
4180,8
4181,6
4182,12
4183,9
4184,6
4185,8
4186,6
4187,6
4188,8
4189,9
4190,6
4191,7
4192,6
4193,6
4194,10
4195,7
4196,10
4197,8
4198,10
4199,9
4200,10
4201,9
4202,8
4203,8
4204,10
4205,10
4206,6
4207,9
4208,4
4209,6
4210,10
4211,8
4212,12
4213,11
4214,6
4215,5
4216,10
4217,10
4218,10
4219,7
4220,14
4221,13
4222,4
4223,8
4224,4
4225,6
4226,10
4227,10
4228,8
4229,8
4230,10
4231,11
4232,12
4233,9
4234,6
4235,8
4236,6
4237,7
4238,8
4239,8
4240,8
4241,7
4242,10
4243,11
4244,10
4245,10
4246,8
4247,8
4248,8
4249,7
4250,8
4251,10
4252,6
4253,8
4254,6
4255,6
4256,4
4257,7
4258,8
4259,7
4260,12
4261,9
4262,8
4263,11
4264,4
4265,6
4266,12
4267,8
4268,8
4269,10
4270,6
4271,10
4272,4
4273,5
4274,8
4275,7
4276,6
4277,9
4278,2
4279,3
4280,10
4281,8
4282,8
4283,10
4284,4
4285,6
4286,12
4287,12
4288,8
4289,6
4290,8
4291,8
4292,10
4293,8
4294,8
4295,11
4296,8
4297,7
4298,10
4299,9
4300,10
4301,9
4302,8
4303,9
4304,6
4305,9
4306,10
4307,9
4308,10
4309,9
4310,8
4311,9
4312,6
4313,6
4314,12
4315,12
4316,6
4317,9
4318,8
4319,10
4320,8
4321,8
4322,4
4323,6
4324,12
4325,11
4326,10
4327,7
4328,12
4329,7
4330,8
4331,7
4332,10
4333,10
4334,8
4335,7
4336,6
4337,6
4338,10
4339,7
4340,6
4341,5
4342,12
4343,9
4344,10
4345,7
4346,10
4347,9
4348,10
4349,8
4350,8
4351,7
4352,8
4353,8
4354,8
4355,7
4356,10
4357,8
4358,10
4359,10
4360,8
4361,8
4362,6
4363,7
4364,10
4365,8
4366,2
4367,4
4368,8
4369,9
4370,8
4371,8
4372,14
4373,11
4374,10
4375,9
4376,10
4377,8
4378,6
4379,8
4380,10
4381,8
4382,8
4383,7
4384,14
4385,11
4386,12
4387,10
4388,8
4389,9
4390,8
4391,9
4392,8
4393,7
4394,10
4395,8
4396,6
4397,7
4398,6
4399,6
4400,10
4401,11
4402,8
4403,8
4404,6
4405,6
4406,6
4407,6
4408,14
4409,11
4410,6
4411,6
4412,12
4413,8
4414,10
4415,7
4416,10
4417,10
4418,10
4419,9
4420,6
4421,6
4422,12
4423,8
4424,12
4425,11
4426,8
4427,7
4428,8
4429,9
4430,8
4431,8
4432,10
4433,12
4434,6
4435,9
4436,4
4437,8
4438,6
4439,5
4440,8
4441,9
4442,8
4443,8
4444,4
4445,7
4446,6
4447,8
4448,8
4449,7
4450,6
4451,11
4452,4
4453,6
4454,14
4455,12
4456,8
4457,7
4458,8
4459,10
4460,6
4461,6
4462,14
4463,10
4464,6
4465,6
4466,8
4467,9
4468,8
4469,8
4470,6
4471,8
4472,10
4473,9
4474,6
4475,7
4476,6
4477,7
4478,10
4479,8
4480,4
4481,7
4482,4
4483,6
4484,4
4485,6
4486,8
4487,9
4488,6
4489,6
4490,10
4491,8
4492,10
4493,8
4494,10
4495,9
4496,8
4497,10
4498,8
4499,9
4500,4
4501,5
4502,8
4503,11
4504,4
4505,5
4506,8
4507,9
4508,8
4509,6
4510,8
4511,6
4512,12
4513,11
4514,12
4515,11
4516,4
4517,7
4518,6
4519,7
4520,10
4521,10
4522,8
4523,6
4524,8
4525,10
4526,6
4527,7
4528,4
4529,4
4530,16
4531,11
4532,8
4533,10
4534,4
4535,5
4536,4
4537,7
4538,6
4539,6
4540,10
4541,9
4542,10
4543,8
4544,12
4545,9
4546,8
4547,8
4548,6
4549,6
4550,10
4551,9
4552,8
4553,9
4554,8
4555,6
4556,8
4557,6
4558,8
4559,7
4560,10
4561,10
4562,6
4563,10
4564,12
4565,9
4566,6
4567,5
4568,12
4569,10
4570,10
4571,7
4572,6
4573,6
4574,6
4575,9
4576,4
4577,8
4578,8
4579,8
4580,6
4581,6
4582,4
4583,4
4584,8
4585,8
4586,8
4587,8
4588,8
4589,10
4590,4
4591,7
4592,10
4593,7
4594,8
4595,9
4596,8
4597,8
4598,4
4599,6
4600,6
4601,11
4602,6
4603,5
4604,10
4605,9
4606,6
4607,8
4608,6
4609,6
4610,12
4611,12
4612,4
4613,7
4614,8
4615,13
4616,6
4617,7
4618,6
4619,6
4620,12
4621,10
4622,8
4623,10
4624,6
4625,7
4626,6
4627,6
4628,4
4629,8
4630,10
4631,9
4632,8
4633,8
4634,8
4635,8
4636,8
4637,8
4638,6
4639,9
4640,6
4641,7
4642,6
4643,7
4644,10
4645,8
4646,8
4647,9
4648,4
4649,8
4650,4
4651,6
4652,4
4653,3
4654,12
4655,10
4656,8
4657,9
4658,12
4659,9
4660,10
4661,10
4662,6
4663,7
4664,10
4665,7
4666,12
4667,9
4668,10
4669,10
4670,4
4671,5
4672,14
4673,13
4674,2
4675,4
4676,12
4677,11
4678,4
4679,7
4680,4
4681,5
4682,10
4683,9
4684,4
4685,8
4686,4
4687,4
4688,10
4689,9
4690,8
4691,7
4692,8
4693,7
4694,8
4695,7
4696,8
4697,6
4698,6
4699,8
4700,8
4701,6
4702,12
4703,10
4704,10
4705,8
4706,10
4707,7
4708,8
4709,10
4710,10
4711,8
4712,12
4713,8
4714,8
4715,9
4716,6
4717,6
4718,12
4719,9
4720,8
4721,9
4722,6
4723,9
4724,10
4725,7
4726,10
4727,9
4728,10
4729,8
4730,10
4731,9
4732,4
4733,5
4734,10
4735,8
4736,8
4737,7
4738,10
4739,8
4740,10
4741,9
4742,6
4743,6
4744,10
4745,9
4746,8
4747,10
4748,4
4749,7
4750,8
4751,8
4752,4
4753,6
4754,10
4755,11
4756,8
4757,7
4758,10
4759,10
4760,6
4761,6
4762,8
4763,7
4764,8
4765,8
4766,8
4767,9
4768,6
4769,5
4770,10
4771,8
4772,8
4773,6
4774,12
4775,9
4776,6
4777,9
4778,6
4779,10
4780,4
4781,6
4782,8
4783,8
4784,10
4785,8
4786,8
4787,8
4788,8
4789,7
4790,8
4791,9
4792,8
4793,10
4794,6
4795,9
4796,4
4797,5
4798,6
4799,8
4800,12
4801,9
4802,6
4803,4
4804,10
4805,10
4806,8
4807,9
4808,6
4809,7
4810,8
4811,8
4812,6
4813,5
4814,10
4815,8
4816,12
4817,9
4818,6
4819,7
4820,6
4821,8
4822,8
4823,9
4824,6
4825,5
4826,8
4827,7
4828,6
4829,6
4830,12
4831,10
4832,6
4833,6
4834,8
4835,6
4836,8
4837,7
4838,10
4839,8
4840,6
4841,6
4842,6
4843,6
4844,6
4845,6
4846,12
4847,10
4848,8
4849,9
4850,8
4851,9
4852,8
4853,6
4854,8
4855,7
4856,6
4857,8
4858,12
4859,11
4860,4
4861,5
4862,8
4863,8
4864,8
4865,7
4866,6
4867,5
4868,10
4869,11
4870,8
4871,8
4872,6
4873,7
4874,8
4875,8
4876,12
4877,11
4878,4
4879,6
4880,12
4881,8
4882,6
4883,9
4884,4
4885,4
4886,6
4887,7
4888,6
4889,8
4890,8
4891,8
4892,6
4893,6
4894,8
4895,8
4896,10
4897,10
4898,6
4899,6
4900,10
4901,9
4902,2
4903,5
4904,6
4905,8
4906,8
4907,7
4908,6
4909,6
4910,6
4911,4
4912,6
4913,7
4914,10
4915,9
4916,10
4917,11
4918,6
4919,6
4920,4
4921,7
4922,12
4923,11
4924,4
4925,6
4926,8
4927,9
4928,12
4929,10
4930,4
4931,8
4932,6
4933,7
4934,8
4935,8
4936,8
4937,8
4938,6
4939,6
4940,8
4941,7
4942,6
4943,10
4944,6
4945,5
4946,14
4947,11
4948,6
4949,7
4950,6
4951,6
4952,8
4953,8
4954,6
4955,6
4956,10
4957,8
4958,8
4959,7
4960,6
4961,7
4962,8
4963,12
4964,4
4965,6
4966,6
4967,6
4968,6
4969,7
4970,8
4971,7
4972,6
4973,8
4974,8
4975,8
4976,8
4977,10
4978,6
4979,7
4980,6
4981,7
4982,8
4983,8
4984,4
4985,5
4986,10
4987,8
4988,12
4989,10
4990,10
4991,10
4992,6
4993,6
4994,10
4995,8
4996,4
4997,5
4998,8
4999,8
5000,7
5001,4
5002,3
5003,2
5004,7
5005,7
5006,5
5007,3
5008,9
5009,7
5010,5
5011,6
5012,3
5013,3
5014,7
5015,7
5016,1
5017,4
5018,1
5019,4
5020,3
5021,3
5022,3
5023,2
5024,7
5025,7
5026,1
5027,1
5028,9
5029,6
5030,7
5031,6
5032,3
5033,4
5034,7
5035,5
5036,7
5037,8
5038,1
5039,4
5040,3
5041,4
5042,3
5043,5
5044,1
5045,3
5046,5
5047,3
5048,9
5049,7
5050,5
5051,4
5052,9
5053,7
5054,3
5055,4
5056,7
5057,6
5058,9
5059,5
5060,7
5061,6
5062,11
5063,9
5064,1
5065,2
5066,7
5067,6
5068,1
5069,1
5070,9
5071,5
5072,5
5073,7
5074,5
5075,3
5076,3
5077,3
5078,7
5079,6
5080,5
5081,4
5082,7
5083,6
5084,3
5085,6
5086,1
5087,6
5088,1
5089,3
5090,1
5091,5
5092,1
5093,1
5094,7
5095,6
5096,3
5097,3
5098,3
5099,4
5100,5
5101,6
5102,3
5103,2
5104,7
5105,6
5106,3
5107,4
5108,5
5109,4
5110,3
5111,2
5112,7
5113,7
5114,3
5115,4
5116,5
5117,5
5118,9
5119,9
5120,3
5121,3
5122,11
5123,7
5124,7
5125,5
5126,5
5127,7
5128,1
5129,2
5130,3
5131,3
5132,5
5133,6
5134,7
5135,4
5136,9
5137,9
5138,1
5139,1
5140,7
5141,6
5142,3
5143,4
5144,5
5145,4
5146,1
5147,3
5148,3
5149,3
5150,5
5151,8
5152,1
5153,3
5154,1
5155,3
5156,3
5157,4
5158,5
5159,3
5160,5
5161,5
5162,3
5163,4
5164,9
5165,7
5166,7
5167,7
5168,3
5169,2
5170,5
5171,4
5172,7
5173,4
5174,9
5175,7
5176,5
5177,5
5178,1
5179,4
5180,7
5181,4
5182,5
5183,4
5184,7
5185,5
5186,7
5187,6
5188,5
5189,5
5190,5
5191,4
5192,5
5193,3
5194,7
5195,5
5196,3
5197,6
5198,1
5199,4
5200,5
5201,3
5202,5
5203,6
5204,3
5205,4
5206,1
5207,3
5208,1
5209,1
5210,9
5211,5
5212,7
5213,7
5214,5
5215,6
5216,3
5217,4
5218,7
5219,9
5220,3
5221,4
5222,5
5223,6
5224,3
5225,5
5226,3
5227,5
5228,1
5229,4
5230,1
5231,7
5232,1
5233,3
5234,3
5235,5
5236,1
5237,4
5238,1
5239,5
5240,1
5241,4
5242,3
5243,3
5244,5
5245,6
5246,1
5247,2
5248,7
5249,4
5250,7
5251,5
5252,9
5253,9
5254,5
5255,6
5256,3
5257,2
5258,5
5259,4
5260,1
5261,4
5262,7
5263,4
5264,11
5265,9
5266,3
5267,5
5268,3
5269,5
5270,9
5271,6
5272,5
5273,4
5274,5
5275,7
5276,5
5277,3
5278,3
5279,3
5280,5
5281,5
5282,7
5283,5
5284,5
5285,4
5286,5
5287,5
5288,9
5289,5
5290,7
5291,6
5292,9
5293,5
5294,3
5295,5
5296,9
5297,5
5298,5
5299,6
5300,1
5301,1
5302,5
5303,4
5304,5
5305,5
5306,3
5307,5
5308,5
5309,5
5310,3
5311,5
5312,1
5313,1
5314,3
5315,4
5316,5
5317,5
5318,7
5319,4
5320,5
5321,3
5322,7
5323,9
5324,1
5325,3
5326,3
5327,2
5328,5
5329,7
5330,1
5331,4
5332,3
5333,4
5334,1
5335,4
5336,3
5337,6
5338,3
5339,5
5340,3
5341,5
5342,3
5343,4
5344,3
5345,3
5346,5
5347,5
5348,3
5349,3
5350,9
5351,10
5352,5
5353,5
5354,5
5355,5
5356,3
5357,3
5358,7
5359,4
5360,5
5361,3
5362,5
5363,6
5364,3
5365,4
5366,5
5367,3
5368,3
5369,3
5370,7
5371,6
5372,9
5373,6
5374,3
5375,5
5376,1
5377,4
5378,3
5379,3
5380,7
5381,7
5382,1
5383,3
5384,1
5385,2
5386,5
5387,5
5388,7
5389,5
5390,3
5391,5
5392,1
5393,3
5394,1
5395,2
5396,5
5397,3
5398,7
5399,5
5400,5
5401,6
5402,3
5403,4
5404,5
5405,3
5406,7
5407,8
5408,3
5409,5
5410,3
5411,5
5412,3
5413,4
5414,3
5415,4
5416,7
5417,7
5418,5
5419,6
5420,7
5421,4
5422,5
5423,7
5424,3
5425,4
5426,3
5427,5
5428,1
5429,4
5430,5
5431,5
5432,5
5433,3
5434,5
5435,4
5436,7
5437,9
5438,5
5439,5
5440,3
5441,4
5442,3
5443,4
5444,1
5445,1
5446,5
5447,4
5448,1
5449,4
5450,3
5451,2
5452,7
5453,8
5454,3
5455,5
5456,3
5457,2
5458,7
5459,7
5460,1
5461,5
5462,3
5463,7
5464,3
5465,4
5466,1
5467,3
5468,5
5469,4
5470,5
5471,6
5472,3
5473,6
5474,7
5475,7
5476,7
5477,4
5478,5
5479,5
5480,5
5481,3
5482,7
5483,5
5484,5
5485,8
5486,5
5487,6
5488,3
5489,4
5490,5
5491,5
5492,1
5493,3
5494,3
5495,4
5496,7
5497,7
5498,1
5499,1
5500,3
5501,3
5502,5
5503,7
5504,1
5505,2
5506,5
5507,5
5508,7
5509,7
5510,1
5511,3
5512,7
5513,5
5514,7
5515,6
5516,1
5517,4
5518,1
5519,2
5520,11
5521,6
5522,5
5523,7
5524,1
5525,1
5526,3
5527,4
5528,7
5529,7
5530,3
5531,4
5532,3
5533,5
5534,1
5535,4
5536,5
5537,6
5538,1
5539,3
5540,5
5541,4
5542,7
5543,6
5544,3
5545,3
5546,5
5547,3
5548,7
5549,9
5550,5
5551,4
5552,7
5553,6
5554,9
5555,6
5556,5
5557,5
5558,3
5559,7
5560,3
5561,4
5562,3
5563,2
5564,5
5565,3
5566,5
5567,6
5568,3
5569,3
5570,11
5571,7
5572,5
5573,5
5574,3
5575,4
5576,3
5577,3
5578,3
5579,4
5580,3
5581,2
5582,5
5583,6
5584,5
5585,4
5586,5
5587,5
5588,5
5589,6
5590,3
5591,3
5592,5
5593,5
5594,5
5595,5
5596,3
5597,4
5598,5
5599,5
5600,1
5601,2
5602,7
5603,7
5604,1
5605,5
5606,3
5607,5
5608,5
5609,4
5610,9
5611,8
5612,5
5613,3
5614,3
5615,4
5616,1
5617,3
5618,5
5619,4
5620,5
5621,6
5622,1
5623,4
5624,5
5625,6
5626,3
5627,6
5628,3
5629,3
5630,1
5631,1
5632,7
5633,7
5634,5
5635,5
5636,1
5637,3
5638,5
5639,6
5640,3
5641,5
5642,1
5643,3
5644,5
5645,7
5646,1
5647,4
5648,3
5649,3
5650,3
5651,2
5652,5
5653,4
5654,5
5655,5
5656,5
5657,3
5658,5
5659,5
5660,5
5661,3
5662,9
5663,9
5664,3
5665,4
5666,1
5667,2
5668,7
5669,5
5670,1
5671,4
5672,3
5673,4
5674,3
5675,7
5676,3
5677,2
5678,5
5679,6
5680,1
5681,2
5682,3
5683,3
5684,5
5685,4
5686,7
5687,7
5688,7
5689,5
5690,5
5691,5
5692,5
5693,6
5694,5
5695,3
5696,9
5697,6
5698,5
5699,6
5700,5
5701,6
5702,3
5703,5
5704,5
5705,5
5706,5
5707,3
5708,7
5709,7
5710,5
5711,5
5712,1
5713,5
5714,3
5715,5
5716,3
5717,2
5718,9
5719,9
5720,1
5721,2
5722,3
5723,2
5724,5
5725,5
5726,5
5727,4
5728,9
5729,6
5730,5
5731,4
5732,7
5733,4
5734,5
5735,3
5736,5
5737,3
5738,5
5739,5
5740,7
5741,6
5742,3
5743,5
5744,1
5745,2
5746,3
5747,2
5748,7
5749,4
5750,5
5751,7
5752,3
5753,2
5754,5
5755,4
5756,13
5757,10
5758,5
5759,4
5760,5
5761,5
5762,3
5763,3
5764,5
5765,5
5766,7
5767,7
5768,1
5769,5
5770,5
5771,6
5772,3
5773,4
5774,3
5775,4
5776,3
5777,5
5778,7
5779,5
5780,3
5781,5
5782,3
5783,5
5784,5
5785,4
5786,3
5787,4
5788,3
5789,4
5790,7
5791,7
5792,1
5793,4
5794,3
5795,4
5796,3
5797,3
5798,9
5799,7
5800,5
5801,3
5802,5
5803,4
5804,3
5805,3
5806,7
5807,6
5808,1
5809,3
5810,3
5811,4
5812,3
5813,5
5814,5
5815,7
5816,5
5817,3
5818,3
5819,3
5820,5
5821,6
5822,3
5823,3
5824,5
5825,5
5826,3
5827,4
5828,3
5829,4
5830,1
5831,2
5832,7
5833,9
5834,3
5835,2
5836,5
5837,6
5838,1
5839,2
5840,7
5841,5
5842,3
5843,2
5844,7
5845,4
5846,9
5847,5
5848,9
5849,6
5850,7
5851,5
5852,7
5853,5
5854,9
5855,9
5856,1
5857,2
5858,3
5859,4
5860,1
5861,2
5862,7
5863,7
5864,3
5865,5
5866,1
5867,3
5868,7
5869,5
5870,7
5871,4
5872,3
5873,2
5874,3
5875,3
5876,9
5877,8
5878,1
5879,1
5880,9
5881,7
5882,1
5883,2
5884,7
5885,8
5886,5
5887,5
5888,7
5889,5
5890,7
5891,4
5892,9
5893,5
5894,7
5895,5
5896,5
5897,4
5898,5
5899,3
5900,7
5901,4
5902,7
5903,5
5904,5
5905,4
5906,7
5907,6
5908,3
5909,4
5910,1
5911,4
5912,1
5913,1
5914,7
5915,8
5916,7
5917,7
5918,7
5919,7
5920,1
5921,2
5922,9
5923,6
5924,3
5925,4
5926,1
5927,3
5928,3
5929,6
5930,1
5931,6
5932,3
5933,5
5934,3
5935,4
5936,3
5937,3
5938,7
5939,5
5940,3
5941,3
5942,3
5943,2
5944,11
5945,6
5946,5
5947,5
5948,5
5949,5
5950,5
5951,4
5952,11
5953,6
5954,7
5955,4
5956,9
5957,7
5958,3
5959,4
5960,1
5961,2
5962,1
5963,3
5964,7
5965,5
5966,3
5967,2
5968,5
5969,6
5970,3
5971,3
5972,5
5973,6
5974,1
5975,1
5976,5
5977,5
5978,5
5979,5
5980,5
5981,5
5982,7
5983,6
5984,1
5985,1
5986,7
5987,6
5988,3
5989,3
5990,5
5991,6
5992,5
5993,5
5994,3
5995,4
5996,1
5997,3
5998,1
5999,2
6000,5
6001,5
6002,3
6003,4
6004,5
6005,3
6006,7
6007,8
6008,7
6009,6
6010,3
6011,2
6012,3
6013,5
6014,3
6015,2
6016,5
6017,3
6018,7
6019,8
6020,3
6021,2
6022,5
6023,6
6024,5
6025,3
6026,7
6027,7
6028,1
6029,4
6030,3
6031,5
6032,1
6033,4
6034,3
6035,8
6036,3
6037,5
6038,1
6039,5
6040,3
6041,3
6042,7
6043,6
6044,3
6045,2
6046,9
6047,8
6048,1
6049,5
6050,3
6051,2
6052,5
6053,4
6054,1
6055,2
6056,5
6057,6
6058,5
6059,4
6060,3
6061,3
6062,7
6063,5
6064,7
6065,4
6066,7
6067,5
6068,5
6069,4
6070,5
6071,4
6072,7
6073,5
6074,3
6075,2
6076,7
6077,4
6078,9
6079,7
6080,5
6081,4
6082,7
6083,5
6084,5
6085,6
6086,3
6087,2
6088,7
6089,4
6090,7
6091,5
6092,3
6093,3
6094,1
6095,3
6096,3
6097,5
6098,5
6099,3
6100,7
6101,5
6102,9
6103,5
6104,7
6105,4
6106,5
6107,4
6108,5
6109,3
6110,5
6111,6
6112,1
6113,2
6114,5
6115,4
6116,3
6117,5
6118,3
6119,3
6120,5
6121,7
6122,5
6123,3
6124,9
6125,5
6126,11
6127,9
6128,3
6129,4
6130,5
6131,6
6132,1
6133,3
6134,7
6135,7
6136,1
6137,1
6138,7
6139,5
6140,7
6141,4
6142,5
6143,4
6144,5
6145,4
6146,9
6147,8
6148,5
6149,6
6150,1
6151,3
6152,7
6153,6
6154,3
6155,5
6156,1
6157,2
6158,1
6159,4
6160,3
6161,4
6162,1
6163,5
6164,3
6165,2
6166,3
6167,5
6168,5
6169,7
6170,3
6171,3
6172,7
6173,5
6174,7
6175,4
6176,5
6177,4
6178,9
6179,7
6180,5
6181,4
6182,3
6183,5
6184,5
6185,5
6186,3
6187,2
6188,3
6189,6
6190,5
6191,4
6192,3
6193,5
6194,1
6195,2
6196,5
6197,5
6198,1
6199,4
6200,5
6201,5
6202,3
6203,4
6204,5
6205,7
6206,1
6207,5
6208,5
6209,5
6210,1
6211,4
6212,3
6213,2
6214,7
6215,6
6216,3
6217,5
6218,3
6219,4
6220,3
6221,5
6222,1
6223,2
6224,5
6225,7
6226,1
6227,2
6228,5
6229,4
6230,7
6231,5
6232,3
6233,4
6234,3
6235,3
6236,5
6237,3
6238,9
6239,7
6240,1
6241,1
6242,5
6243,3
6244,5
6245,6
6246,5
6247,5
6248,1
6249,3
6250,3
6251,4
6252,3
6253,3
6254,5
6255,5
6256,1
6257,3
6258,1
6259,1
6260,9
6261,7
6262,1
6263,2
6264,3
6265,5
6266,3
6267,2
6268,9
6269,7
6270,3
6271,3
6272,7
6273,6
6274,7
6275,4
6276,7
6277,6
6278,5
6279,6
6280,3
6281,2
6282,3
6283,4
6284,1
6285,2
6286,1
6287,3
6288,1
6289,1
6290,3
6291,4
6292,5
6293,3
6294,9
6295,10
6296,1
6297,3
6298,7
6299,4
6300,3
6301,3
6302,7
6303,5
6304,5
6305,3
6306,3
6307,5
6308,3
6309,6
6310,3
6311,8
6312,3
6313,2
6314,5
6315,4
6316,3
6317,3
6318,3
6319,4
6320,3
6321,4
6322,1
6323,3
6324,5
6325,4
6326,7
6327,6
6328,5
6329,3
6330,5
6331,4
6332,5
6333,5
6334,1
6335,4
6336,3
6337,3
6338,5
6339,6
6340,3
6341,4
6342,3
6343,2
6344,7
6345,7
6346,1
6347,5
6348,1
6349,3
6350,3
6351,3
6352,3
6353,2
6354,7
6355,4
6356,7
6357,4
6358,5
6359,4
6360,3
6361,6
6362,3
6363,3
6364,9
6365,5
6366,5
6367,5
6368,3
6369,4
6370,7
6371,6
6372,1
6373,2
6374,3
6375,4
6376,1
6377,2
6378,3
6379,4
6380,7
6381,4
6382,5
6383,4
6384,7
6385,8
6386,1
6387,3
6388,9
6389,6
6390,3
6391,3
6392,7
6393,6
6394,3
6395,3
6396,5
6397,3
6398,9
6399,5
6400,7
6401,8
6402,3
6403,3
6404,5
6405,5
6406,3
6407,4
6408,7
6409,4
6410,3
6411,5
6412,1
6413,2
6414,7
6415,8
6416,1
6417,3
6418,1
6419,5
6420,5
6421,4
6422,9
6423,6
6424,5
6425,5
6426,1
6427,2
6428,3
6429,2
6430,7
6431,4
6432,9
6433,5
6434,3
6435,2
6436,5
6437,4
6438,3
6439,4
6440,7
6441,5
6442,1
6443,4
6444,3
6445,5
6446,5
6447,4
6448,5
6449,6
6450,5
6451,7
6452,3
6453,3
6454,3
6455,3
6456,7
6457,5
6458,7
6459,6
6460,1
6461,3
6462,5
6463,3
6464,3
6465,3
6466,3
6467,4
6468,1
6469,2
6470,5
6471,4
6472,5
6473,5
6474,9
6475,7
6476,1
6477,1
6478,5
6479,8
6480,1
6481,2
6482,7
6483,7
6484,1
6485,3
6486,3
6487,2
6488,9
6489,5
6490,3
6491,5
6492,5
6493,3
6494,7
6495,6
6496,3
6497,2
6498,7
6499,4
6500,5
6501,5
6502,1
6503,2
6504,3
6505,4
6506,5
6507,4
6508,7
6509,5
6510,3
6511,4
6512,1
6513,4
6514,3
6515,4
6516,1
6517,3
6518,5
6519,6
6520,3
6521,6
6522,3
6523,6
6524,1
6525,3
6526,1
6527,1
6528,5
6529,5
6530,3
6531,5
6532,3
6533,3
6534,1
6535,4
6536,5
6537,5
6538,3
6539,3
6540,3
6541,4
6542,1
6543,3
6544,5
6545,4
6546,5
6547,7
6548,1
6549,3
6550,3
6551,4
6552,3
6553,3
6554,5
6555,4
6556,7
6557,8
6558,3
6559,4
6560,3
6561,3
6562,5
6563,5
6564,3
6565,2
6566,3
6567,4
6568,5
6569,3
6570,11
6571,7
6572,3
6573,3
6574,3
6575,4
6576,1
6577,2
6578,5
6579,4
6580,5
6581,3
6582,5
6583,6
6584,3
6585,3
6586,5
6587,6
6588,5
6589,3
6590,5
6591,6
6592,1
6593,5
6594,1
6595,1
6596,11
6597,6
6598,5
6599,4
6600,3
6601,6
6602,5
6603,5
6604,5
6605,6
6606,3
6607,3
6608,5
6609,4
6610,3
6611,2
6612,7
6613,6
6614,7
6615,5
6616,3
6617,2
6618,5
6619,5
6620,1
6621,4
6622,3
6623,4
6624,1
6625,2
6626,1
6627,1
6628,9
6629,5
6630,7
6631,6
6632,5
6633,8
6634,1
6635,1
6636,5
6637,5
6638,5
6639,4
6640,11
6641,7
6642,7
6643,5
6644,1
6645,1
6646,11
6647,6
6648,5
6649,6
6650,5
6651,4
6652,5
6653,5
6654,1
6655,2
6656,7
6657,4
6658,9
6659,6
6660,3
6661,4
6662,3
6663,4
6664,3
6665,5
6666,3
6667,3
6668,1
6669,4
6670,3
6671,3
6672,3
6673,4
6674,7
6675,8
6676,3
6677,4
6678,5
6679,6
6680,3
6681,3
6682,3
6683,3
6684,7
6685,5
6686,5
6687,4
6688,9
6689,8
6690,1
6691,2
6692,5
6693,5
6694,5
6695,5
6696,3
6697,2
6698,3
6699,3
6700,5
6701,5
6702,1
6703,4
6704,1
6705,2
6706,3
6707,3
6708,7
6709,7
6710,5
6711,6
6712,5
6713,3
6714,3
6715,5
6716,3
6717,4
6718,1
6719,2
6720,7
6721,4
6722,5
6723,3
6724,7
6725,5
6726,3
6727,2
6728,5
6729,5
6730,7
6731,7
6732,1
6733,1
6734,5
6735,4
6736,11
6737,8
6738,3
6739,4
6740,5
6741,3
6742,3
6743,4
6744,1
6745,2
6746,3
6747,5
6748,5
6749,4
6750,1
6751,5
6752,3
6753,5
6754,3
6755,2
6756,3
6757,5
6758,5
6759,6
6760,1
6761,2
6762,5
6763,6
6764,1
6765,1
6766,7
6767,7
6768,1
6769,4
6770,3
6771,4
6772,3
6773,4
6774,1
6775,4
6776,1
6777,3
6778,3
6779,5
6780,1
6781,1
6782,5
6783,6
6784,1
6785,1
6786,5
6787,3
6788,9
6789,8
6790,3
6791,3
6792,3
6793,3
6794,3
6795,4
6796,5
6797,5
6798,1
6799,3
6800,3
6801,3
6802,1
6803,1
6804,9
6805,6
6806,5
6807,5
6808,5
6809,4
6810,7
6811,6
6812,3
6813,4
6814,1
6815,1
6816,3
6817,5
6818,1
6819,3
6820,1
6821,2
6822,5
6823,4
6824,3
6825,3
6826,5
6827,4
6828,5
6829,4
6830,3
6831,3
6832,3
6833,2
6834,5
6835,3
6836,3
6837,6
6838,1
6839,5
6840,3
6841,5
6842,1
6843,2
6844,7
6845,4
6846,5
6847,6
6848,3
6849,3
6850,5
6851,6
6852,1
6853,4
6854,3
6855,3
6856,5
6857,4
6858,5
6859,5
6860,1
6861,4
6862,3
6863,3
6864,5
6865,6
6866,1
6867,2
6868,5
6869,4
6870,5
6871,6
6872,5
6873,5
6874,1
6875,2
6876,5
6877,6
6878,1
6879,1
6880,3
6881,4
6882,3
6883,2
6884,9
6885,7
6886,3
6887,3
6888,7
6889,6
6890,3
6891,4
6892,3
6893,6
6894,3
6895,3
6896,3
6897,3
6898,3
6899,3
6900,3
6901,3
6902,5
6903,3
6904,7
6905,6
6906,5
6907,4
6908,5
6909,5
6910,3
6911,5
6912,1
6913,4
6914,3
6915,5
6916,3
6917,3
6918,1
6919,1
6920,5
6921,5
6922,3
6923,5
6924,1
6925,5
6926,1
6927,3
6928,1
6929,1
6930,7
6931,6
6932,3
6933,4
6934,7
6935,5
6936,5
6937,3
6938,3
6939,3
6940,7
6941,8
6942,1
6943,2
6944,9
6945,6
6946,5
6947,3
6948,11
6949,7
6950,5
6951,5
6952,3
6953,3
6954,3
6955,5
6956,1
6957,3
6958,1
6959,2
6960,5
6961,5
6962,3
6963,6
6964,1
6965,3
6966,1
6967,2
6968,3
6969,3
6970,9
6971,6
6972,1
6973,2
6974,11
6975,8
6976,5
6977,3
6978,5
6979,3
6980,5
6981,3
6982,9
6983,10
6984,1
6985,1
6986,3
6987,4
6988,3
6989,3
6990,7
6991,4
6992,7
6993,6
6994,3
6995,4
6996,3
6997,5
6998,1
6999,3
7000,5
7001,4
7002,3
7003,4
7004,3
7005,2
7006,5
7007,3
7008,3
7009,4
7010,7
7011,4
7012,7
7013,6
7014,1
7015,1
7016,5
7017,3
7018,7
7019,5
7020,5
7021,5
7022,3
7023,4
7024,3
7025,3
7026,5
7027,5
7028,7
7029,4
7030,5
7031,5
7032,1
7033,5
7034,3
7035,2
7036,5
7037,3
7038,5
7039,4
7040,9
7041,6
7042,5
7043,3
7044,7
7045,6
7046,1
7047,3
7048,1
7049,3
7050,3
7051,4
7052,1
7053,2
7054,7
7055,6
7056,5
7057,5
7058,5
7059,4
7060,5
7061,4
7062,7
7063,6
7064,1
7065,4
7066,1
7067,3
7068,1
7069,4
7070,5
7071,4
7072,3
7073,2
7074,5
7075,5
7076,3
7077,5
7078,1
7079,3
7080,3
7081,3
7082,1
7083,4
7084,3
7085,4
7086,3
7087,4
7088,3
7089,3
7090,5
7091,4
7092,5
7093,7
7094,1
7095,1
7096,5
7097,3
7098,7
7099,6
7100,5
7101,5
7102,3
7103,4
7104,5
7105,7
7106,3
7107,6
7108,1
7109,3
7110,1
7111,2
7112,7
7113,4
7114,3
7115,4
7116,5
7117,4
7118,1
7119,1
7120,5
7121,7
7122,1
7123,2
7124,5
7125,6
7126,5
7127,3
7128,5
7129,3
7130,5
7131,3
7132,5
7133,3
7134,5
7135,4
7136,5
7137,4
7138,1
7139,2
7140,9
7141,5
7142,7
7143,5
7144,5
7145,5
7146,3
7147,4
7148,3
7149,5
7150,5
7151,3
7152,5
7153,3
7154,5
7155,3
7156,7
7157,5
7158,9
7159,8
7160,1
7161,2
7162,3
7163,4
7164,1
7165,2
7166,3
7167,2
7168,11
7169,7
7170,3
7171,2
7172,5
7173,3
7174,7
7175,7
7176,1
7177,3
7178,9
7179,7
7180,3
7181,4
7182,1
7183,2
7184,3
7185,5
7186,3
7187,2
7188,3
7189,4
7190,7
7191,5
7192,7
7193,4
7194,5
7195,7
7196,3
7197,3
7198,3
7199,4
7200,5
7201,5
7202,1
7203,2
7204,5
7205,3
7206,5
7207,5
7208,3
7209,3
7210,3
7211,4
7212,7
7213,5
7214,5
7215,3
7216,11
7217,6
7218,3
7219,2
7220,5
7221,6
7222,1
7223,4
7224,3
7225,2
7226,3
7227,4
7228,5
7229,4
7230,7
7231,5
7232,5
7233,3
7234,5
7235,3
7236,7
7237,6
7238,5
7239,5
7240,3
7241,3
7242,5
7243,5
7244,3
7245,4
7246,3
7247,4
7248,5
7249,4
7250,3
7251,3
7252,5
7253,4
7254,5
7255,6
7256,3
7257,3
7258,5
7259,4
7260,3
7261,2
7262,5
7263,5
7264,9
7265,8
7266,1
7267,5
7268,1
7269,2
7270,5
7271,3
7272,5
7273,4
7274,5
7275,4
7276,3
7277,3
7278,5
7279,3
7280,3
7281,6
7282,1
7283,2
7284,5
7285,6
7286,3
7287,5
7288,7
7289,6
7290,1
7291,4
7292,3
7293,3
7294,3
7295,2
7296,7
7297,4
7298,3
7299,3
7300,7
7301,7
7302,1
7303,1
7304,3
7305,3
7306,7
7307,8
7308,3
7309,4
7310,7
7311,7
7312,5
7313,6
7314,5
7315,7
7316,1
7317,3
7318,1
7319,3
7320,9
7321,5
7322,7
7323,6
7324,1
7325,2
7326,5
7327,5
7328,5
7329,7
7330,1
7331,2
7332,1
7333,2
7334,3
7335,2
7336,3
7337,3
7338,3
7339,2
7340,5
7341,3
7342,7
7343,5
7344,9
7345,7
7346,1
7347,4
7348,7
7349,7
7350,3
7351,2
7352,5
7353,5
7354,1
7355,3
7356,1
7357,3
7358,3
7359,5
7360,1
7361,1
7362,5
7363,3
7364,5
7365,3
7366,5
7367,5
7368,3
7369,3
7370,3
7371,4
7372,3
7373,2
7374,7
7375,5
7376,3
7377,4
7378,5
7379,5
7380,5
7381,3
7382,5
7383,3
7384,5
7385,5
7386,3
7387,3
7388,1
7389,2
7390,7
7391,4
7392,7
7393,6
7394,1
7395,1
7396,9
7397,7
7398,3
7399,3
7400,5
7401,5
7402,3
7403,4
7404,1
7405,3
7406,5
7407,3
7408,7
7409,9
7410,1
7411,3
7412,1
7413,1
7414,7
7415,5
7416,1
7417,1
7418,5
7419,3
7420,3
7421,3
7422,7
7423,4
7424,3
7425,5
7426,3
7427,4
7428,1
7429,4
7430,3
7431,4
7432,5
7433,4
7434,1
7435,4
7436,5
7437,5
7438,5
7439,5
7440,3
7441,4
7442,3
7443,5
7444,3
7445,5
7446,3
7447,3
7448,9
7449,8
7450,1
7451,3
7452,1
7453,2
7454,1
7455,3
7456,1
7457,1
7458,7
7459,6
7460,9
7461,5
7462,5
7463,5
7464,1
7465,3
7466,1
7467,3
7468,3
7469,2
7470,7
7471,4
7472,3
7473,5
7474,1
7475,4
7476,3
7477,3
7478,5
7479,4
7480,3
7481,2
7482,3
7483,3
7484,1
7485,1
7486,5
7487,3
7488,3
7489,6
7490,5
7491,6
7492,1
7493,2
7494,3
7495,2
7496,5
7497,5
7498,1
7499,4
7500,1
7501,2
7502,3
7503,2
7504,7
7505,5
7506,3
7507,2
7508,5
7509,5
7510,1
7511,4
7512,3
7513,2
7514,7
7515,7
7516,1
7517,1
7518,3
7519,3
7520,1
7521,1
7522,5
7523,5
7524,3
7525,3
7526,5
7527,6
7528,3
7529,6
7530,3
7531,4
7532,3
7533,4
7534,5
7535,4
7536,1
7537,1
7538,5
7539,7
7540,1
7541,1
7542,7
7543,6
7544,1
7545,2
7546,1
7547,1
7548,5
7549,4
7550,3
7551,2
7552,3
7553,4
7554,5
7555,5
7556,3
7557,3
7558,3
7559,3
7560,5
7561,5
7562,3
7563,4
7564,7
7565,6
7566,5
7567,3
7568,3
7569,3
7570,5
7571,3
7572,5
7573,3
7574,7
7575,6
7576,1
7577,4
7578,3
7579,3
7580,1
7581,4
7582,1
7583,4
7584,1
7585,3
7586,1
7587,3
7588,3
7589,4
7590,3
7591,2
7592,5
7593,4
7594,3
7595,2
7596,5
7597,3
7598,9
7599,5
7600,3
7601,3
7602,3
7603,3
7604,5
7605,4
7606,1
7607,2
7608,1
7609,2
7610,3
7611,5
7612,1
7613,3
7614,3
7615,2
7616,7
7617,7
7618,3
7619,4
7620,3
7621,4
7622,1
7623,2
7624,5
7625,4
7626,1
7627,5
7628,1
7629,2
7630,1
7631,2
7632,3
7633,4
7634,1
7635,4
7636,3
7637,2
7638,7
7639,4
7640,3
7641,5
7642,1
7643,4
7644,1
7645,2
7646,1
7647,1
7648,3
7649,5
7650,1
7651,1
7652,5
7653,3
7654,7
7655,5
7656,3
7657,4
7658,3
7659,4
7660,1
7661,2
7662,3
7663,2
7664,5
7665,4
7666,3
7667,5
7668,1
7669,1
7670,5
7671,4
7672,3
7673,2
7674,7
7675,6
7676,5
7677,4
7678,5
7679,4
7680,1
7681,1
7682,3
7683,3
7684,5
7685,6
7686,1
7687,2
7688,3
7689,4
7690,3
7691,4
7692,3
7693,4
7694,1
7695,2
7696,1
7697,3
7698,3
7699,2
7700,7
7701,4
7702,5
7703,4
7704,1
7705,1
7706,9
7707,7
7708,3
7709,5
7710,1
7711,2
7712,5
7713,3
7714,5
7715,3
7716,7
7717,5
7718,1
7719,1
7720,5
7721,3
7722,5
7723,3
7724,5
7725,3
7726,3
7727,2
7728,7
7729,5
7730,5
7731,4
7732,1
7733,1
7734,3
7735,4
7736,1
7737,2
7738,7
7739,5
7740,5
7741,4
7742,1
7743,3
7744,3
7745,3
7746,1
7747,3
7748,5
7749,3
7750,5
7751,3
7752,9
7753,5
7754,5
7755,6
7756,1
7757,1
7758,5
7759,7
7760,1
7761,2
7762,3
7763,3
7764,7
7765,4
7766,7
7767,5
7768,1
7769,2
7770,1
7771,4
7772,1
7773,1
7774,5
7775,6
7776,3
7777,2
7778,7
7779,5
7780,7
7781,5
7782,3
7783,5
7784,3
7785,2
7786,5
7787,4
7788,1
7789,3
7790,7
7791,8
7792,3
7793,5
7794,1
7795,2
7796,3
7797,2
7798,5
7799,6
7800,1
7801,2
7802,5
7803,6
7804,3
7805,4
7806,1
7807,2
7808,3
7809,4
7810,3
7811,4
7812,1
7813,3
7814,3
7815,2
7816,7
7817,4
7818,7
7819,5
7820,1
7821,4
7822,3
7823,6
7824,1
7825,2
7826,5
7827,4
7828,1
7829,4
7830,5
7831,6
7832,1
7833,1
7834,3
7835,3
7836,3
7837,6
7838,3
7839,5
7840,3
7841,2
7842,3
7843,4
7844,3
7845,2
7846,7
7847,7
7848,1
7849,2
7850,5
7851,3
7852,3
7853,4
7854,1
7855,3
7856,1
7857,3
7858,3
7859,2
7860,7
7861,4
7862,9
7863,6
7864,3
7865,2
7866,5
7867,5
7868,5
7869,4
7870,7
7871,5
7872,3
7873,4
7874,5
7875,5
7876,1
7877,3
7878,1
7879,2
7880,1
7881,3
7882,1
7883,2
7884,5
7885,4
7886,3
7887,3
7888,1
7889,2
7890,3
7891,2
7892,5
7893,5
7894,3
7895,2
7896,5
7897,3
7898,5
7899,3
7900,5
7901,3
7902,5
7903,5
7904,3
7905,5
7906,1
7907,4
7908,5
7909,3
7910,3
7911,3
7912,5
7913,6
7914,1
7915,4
7916,3
7917,3
7918,3
7919,4
7920,3
7921,5
7922,3
7923,5
7924,3
7925,2
7926,3
7927,4
7928,5
7929,3
7930,9
7931,6
7932,3
7933,3
7934,5
7935,5
7936,1
7937,4
7938,5
7939,6
7940,1
7941,2
7942,3
7943,3
7944,7
7945,5
7946,3
7947,2
7948,5
7949,3
7950,5
7951,4
7952,5
7953,3
7954,5
7955,3
7956,7
7957,5
7958,1
7959,3
7960,1
7961,1
7962,13
7963,7
7964,7
7965,6
7966,3
7967,2
7968,9
7969,6
7970,1
7971,3
7972,1
7973,3
7974,1
7975,1
7976,7
7977,4
7978,3
7979,5
7980,7
7981,4
7982,3
7983,5
7984,1
7985,2
7986,5
7987,5
7988,5
7989,5
7990,5
7991,4
7992,5
7993,6
7994,3
7995,5
7996,3
7997,2
7998,9
7999,9
8000,1
8001,2
8002,1
8003,2
8004,1
8005,1
8006,7
8007,5
8008,5
8009,3
8010,5
8011,6
8012,1
8013,4
8014,5
8015,3
8016,7
8017,4
8018,3
8019,3
8020,1
8021,1
8022,7
8023,5
8024,3
8025,5
8026,1
8027,3
8028,1
8029,3
8030,1
8031,4
8032,1
8033,2
8034,1
8035,2
8036,1
8037,2
8038,5
8039,3
8040,7
8041,4
8042,5
8043,5
8044,9
8045,5
8046,5
8047,4
8048,1
8049,1
8050,3
8051,3
8052,3
8053,2
8054,7
8055,6
8056,7
8057,6
8058,3
8059,3
8060,3
8061,3
8062,3
8063,2
8064,7
8065,4
8066,5
8067,5
8068,3
8069,5
8070,5
8071,3
8072,7
8073,6
8074,1
8075,2
8076,1
8077,3
8078,1
8079,3
8080,5
8081,4
8082,1
8083,2
8084,1
8085,4
8086,1
8087,2
8088,1
8089,1
8090,3
8091,3
8092,7
8093,4
8094,7
8095,5
8096,1
8097,3
8098,3
8099,3
8100,1
8101,2
8102,5
8103,4
8104,3
8105,2
8106,5
8107,6
8108,1
8109,2
8110,3
8111,4
8112,1
8113,4
8114,3
8115,4
8116,1
8117,3
8118,3
8119,3
8120,1
8121,4
8122,5
8123,5
8124,1
8125,1
8126,3
8127,2
8128,3
8129,3
8130,7
8131,4
8132,9
8133,6
8134,1
8135,3
8136,1
8137,5
8138,3
8139,3
8140,1
8141,2
8142,3
8143,2
8144,3
8145,2
8146,5
8147,6
8148,1
8149,2
8150,9
8151,6
8152,5
8153,5
8154,5
8155,6
8156,1
8157,3
8158,3
8159,4
8160,1
8161,2
8162,3
8163,2
8164,3
8165,4
8166,3
8167,4
8168,1
8169,1
8170,9
8171,5
8172,7
8173,4
8174,3
8175,2
8176,5
8177,5
8178,1
8179,3
8180,3
8181,2
8182,5
8183,3
8184,3
8185,5
8186,3
8187,5
8188,7
8189,5
8190,1
8191,3
8192,5
8193,4
8194,5
8195,5
8196,1
8197,3
8198,3
8199,2
8200,7
8201,4
8202,7
8203,4
8204,7
8205,5
8206,1
8207,3
8208,1
8209,3
8210,1
8211,2
8212,5
8213,4
8214,7
8215,5
8216,1
8217,2
8218,5
8219,4
8220,5
8221,3
8222,3
8223,3
8224,3
8225,2
8226,3
8227,3
8228,3
8229,5
8230,3
8231,2
8232,9
8233,7
8234,3
8235,5
8236,1
8237,2
8238,1
8239,5
8240,1
8241,2
8242,1
8243,2
8244,3
8245,6
8246,1
8247,2
8248,5
8249,5
8250,5
8251,4
8252,3
8253,4
8254,3
8255,5
8256,1
8257,2
8258,1
8259,3
8260,1
8261,1
8262,5
8263,4
8264,5
8265,5
8266,3
8267,3
8268,7
8269,7
8270,1
8271,1
8272,3
8273,5
8274,3
8275,3
8276,1
8277,3
8278,3
8279,5
8280,1
8281,3
8282,7
8283,7
8284,3
8285,3
8286,5
8287,5
8288,1
8289,2
8290,3
8291,5
8292,3
8293,4
8294,1
8295,3
8296,1
8297,2
8298,3
8299,5
8300,5
8301,4
8302,1
8303,3
8304,1
8305,1
8306,5
8307,3
8308,7
8309,4
8310,5
8311,5
8312,3
8313,4
8314,1
8315,1
8316,5
8317,3
8318,7
8319,6
8320,1
8321,2
8322,3
8323,5
8324,3
8325,3
8326,1
8327,3
8328,1
8329,2
8330,1
8331,3
8332,1
8333,3
8334,1
8335,1
8336,7
8337,6
8338,5
8339,5
8340,3
8341,2
8342,9
8343,6
8344,5
8345,3
8346,7
8347,6
8348,3
8349,2
8350,5
8351,3
8352,5
8353,4
8354,7
8355,5
8356,1
8357,2
8358,3
8359,4
8360,1
8361,2
8362,1
8363,2
8364,3
8365,3
8366,7
8367,4
8368,5
8369,4
8370,3
8371,2
8372,7
8373,5
8374,3
8375,4
8376,1
8377,2
8378,5
8379,7
8380,1
8381,4
8382,1
8383,1
8384,7
8385,5
8386,3
8387,4
8388,1
8389,3
8390,1
8391,2
8392,3
8393,6
8394,1
8395,3
8396,1
8397,2
8398,7
8399,4
8400,3
8401,6
8402,1
8403,1
8404,7
8405,5
8406,1
8407,3
8408,1
8409,3
8410,5
8411,4
8412,5
8413,4
8414,1
8415,3
8416,5
8417,3
8418,5
8419,5
8420,3
8421,5
8422,1
8423,3
8424,1
8425,4
8426,1
8427,3
8428,5
8429,3
8430,5
8431,5
8432,1
8433,4
8434,3
8435,4
8436,1
8437,5
8438,1
8439,1
8440,3
8441,4
8442,3
8443,3
8444,3
8445,2
8446,3
8447,4
8448,5
8449,3
8450,3
8451,4
8452,1
8453,3
8454,1
8455,2
8456,7
8457,6
8458,3
8459,2
8460,3
8461,3
8462,3
8463,2
8464,7
8465,6
8466,1
8467,2
8468,1
8469,2
8470,1
8471,4
8472,1
8473,3
8474,1
8475,4
8476,1
8477,3
8478,3
8479,3
8480,5
8481,5
8482,1
8483,3
8484,1
8485,4
8486,1
8487,3
8488,5
8489,4
8490,7
8491,5
8492,3
8493,2
8494,7
8495,6
8496,1
8497,2
8498,5
8499,5
8500,1
8501,4
8502,1
8503,4
8504,3
8505,2
8506,7
8507,4
8508,5
8509,4
8510,1
8511,4
8512,1
8513,3
8514,1
8515,2
8516,7
8517,5
8518,3
8519,3
8520,3
8521,5
8522,1
8523,1
8524,3
8525,2
8526,7
8527,5
8528,9
8529,6
8530,1
8531,3
8532,3
8533,4
8534,1
8535,1
8536,3
8537,3
8538,3
8539,6
8540,1
8541,2
8542,1
8543,3
8544,5
8545,4
8546,3
8547,4
8548,1
8549,2
8550,3
8551,3
8552,3
8553,2
8554,3
8555,5
8556,3
8557,2
8558,3
8559,2
8560,3
8561,4
8562,1
8563,1
8564,5
8565,4
8566,1
8567,1
8568,9
8569,6
8570,1
8571,2
8572,3
8573,4
8574,3
8575,4
8576,7
8577,6
8578,1
8579,2
8580,3
8581,4
8582,1
8583,4
8584,1
8585,2
8586,5
8587,5
8588,1
8589,2
8590,3
8591,7
8592,1
8593,4
8594,1
8595,2
8596,3
8597,2
8598,7
8599,6
8600,3
8601,4
8602,1
8603,2
8604,3
8605,2
8606,3
8607,3
8608,9
8609,6
8610,1
8611,1
8612,7
8613,8
8614,1
8615,1
8616,5
8617,5
8618,1
8619,3
8620,1
8621,3
8622,3
8623,2
8624,9
8625,6
8626,1
8627,2
8628,1
8629,3
8630,3
8631,2
8632,9
8633,7
8634,1
8635,3
8636,1
8637,3
8638,3
8639,2
8640,5
8641,4
8642,3
8643,4
8644,1
8645,2
8646,1
8647,4
8648,1
8649,5
8650,1
8651,3
8652,1
8653,1
8654,5
8655,3
8656,3
8657,5
8658,3
8659,3
8660,1
8661,2
8662,5
8663,3
8664,5
8665,4
8666,3
8667,3
8668,3
8669,4
8670,3
8671,3
8672,3
8673,2
8674,5
8675,4
8676,5
8677,5
8678,1
8679,2
8680,1
8681,1
8682,5
8683,4
8684,1
8685,2
8686,5
8687,3
8688,3
8689,3
8690,7
8691,5
8692,1
8693,1
8694,7
8695,4
8696,7
8697,7
8698,1
8699,1
8700,5
8701,5
8702,1
8703,1
8704,5
8705,4
8706,3
8707,2
8708,7
8709,6
8710,1
8711,2
8712,1
8713,2
8714,5
8715,5
8716,1
8717,3
8718,1
8719,3
8720,3
8721,5
8722,1
8723,2
8724,3
8725,4
8726,1
8727,1
8728,7
8729,4
8730,5
8731,5
8732,1
8733,1
8734,3
8735,3
8736,1
8737,3
8738,1
8739,3
8740,3
8741,5
8742,1
8743,2
8744,5
8745,8
8746,3
8747,2
8748,3
8749,5
8750,3
8751,3
8752,3
8753,4
8754,3
8755,2
8756,5
8757,4
8758,5
8759,5
8760,1
8761,4
8762,1
8763,2
8764,1
8765,1
8766,5
8767,3
8768,3
8769,5
8770,5
8771,3
8772,3
8773,3
8774,7
8775,4
8776,7
8777,5
8778,3
8779,4
8780,1
8781,2
8782,3
8783,5
8784,3
8785,4
8786,1
8787,1
8788,3
8789,2
8790,7
8791,5
8792,3
8793,3
8794,1
8795,3
8796,3
8797,3
8798,1
8799,1
8800,5
8801,5
8802,1
8803,4
8804,5
8805,5
8806,1
8807,3
8808,3
8809,3
8810,1
8811,3
8812,1
8813,1
8814,5
8815,4
8816,1
8817,6
8818,3
8819,2
8820,5
8821,3
8822,3
8823,3
8824,3
8825,5
8826,1
8827,1
8828,3
8829,2
8830,9
8831,5
8832,3
8833,4
8834,1
8835,2
8836,5
8837,3
8838,5
8839,5
8840,3
8841,2
8842,3
8843,4
8844,1
8845,3
8846,3
8847,3
8848,1
8849,4
8850,1
8851,3
8852,3
8853,2
8854,5
8855,3
8856,5
8857,5
8858,1
8859,2
8860,5
8861,5
8862,3
8863,2
8864,3
8865,5
8866,1
8867,4
8868,3
8869,3
8870,3
8871,5
8872,1
8873,2
8874,1
8875,1
8876,7
8877,4
8878,3
8879,2
8880,3
8881,4
8882,1
8883,4
8884,1
8885,4
8886,1
8887,1
8888,5
8889,3
8890,3
8891,2
8892,7
8893,5
8894,1
8895,1
8896,5
8897,4
8898,5
8899,4
8900,1
8901,3
8902,1
8903,3
8904,3
8905,2
8906,3
8907,3
8908,3
8909,3
8910,9
8911,5
8912,5
8913,5
8914,3
8915,2
8916,3
8917,2
8918,7
8919,5
8920,5
8921,3
8922,3
8923,3
8924,1
8925,5
8926,3
8927,2
8928,5
8929,4
8930,3
8931,3
8932,1
8933,3
8934,1
8935,1
8936,7
8937,7
8938,1
8939,1
8940,5
8941,4
8942,3
8943,2
8944,5
8945,4
8946,7
8947,6
8948,1
8949,2
8950,1
8951,2
8952,3
8953,4
8954,1
8955,1
8956,5
8957,3
8958,5
8959,4
8960,3
8961,3
8962,1
8963,4
8964,1
8965,3
8966,1
8967,1
8968,5
8969,5
8970,1
8971,1
8972,7
8973,5
8974,3
8975,4
8976,1
8977,2
8978,3
8979,2
8980,5
8981,5
8982,3
8983,3
8984,3
8985,4
8986,1
8987,1
8988,3
8989,2
8990,7
8991,4
8992,3
8993,5
8994,1
8995,3
8996,3
8997,4
8998,1
8999,1
9000,7
9001,4
9002,3
9003,2
9004,3
9005,3
9006,1
9007,3
9008,5
9009,4
9010,1
9011,2
9012,3
9013,2
9014,7
9015,5
9016,3
9017,2
9018,5
9019,3
9020,3
9021,4
9022,1
9023,2
9024,1
9025,3
9026,3
9027,4
9028,1
9029,3
9030,3
9031,3
9032,5
9033,3
9034,3
9035,3
9036,1
9037,1
9038,5
9039,5
9040,1
9041,2
9042,3
9043,3
9044,5
9045,6
9046,1
9047,1
9048,3
9049,4
9050,1
9051,2
9052,5
9053,3
9054,5
9055,5
9056,1
9057,1
9058,3
9059,3
9060,3
9061,3
9062,5
9063,3
9064,5
9065,5
9066,1
9067,3
9068,5
9069,3
9070,3
9071,2
9072,3
9073,2
9074,3
9075,5
9076,5
9077,3
9078,3
9079,4
9080,1
9081,4
9082,1
9083,1
9084,7
9085,4
9086,5
9087,4
9088,1
9089,4
9090,3
9091,3
9092,5
9093,5
9094,3
9095,2
9096,5
9097,3
9098,3
9099,2
9100,3
9101,3
9102,5
9103,4
9104,3
9105,3
9106,3
9107,2
9108,5
9109,3
9110,5
9111,3
9112,3
9113,3
9114,3
9115,3
9116,1
9117,3
9118,3
9119,2
9120,3
9121,4
9122,5
9123,5
9124,3
9125,3
9126,1
9127,3
9128,1
9129,5
9130,3
9131,3
9132,3
9133,3
9134,1
9135,2
9136,3
9137,4
9138,1
9139,3
9140,1
9141,2
9142,5
9143,4
9144,3
9145,3
9146,1
9147,1
9148,5
9149,4
9150,5
9151,4
9152,5
9153,4
9154,1
9155,2
9156,7
9157,6
9158,1
9159,4
9160,1
9161,1
9162,3
9163,3
9164,3
9165,3
9166,1
9167,2
9168,1
9169,3
9170,1
9171,1
9172,5
9173,5
9174,3
9175,3
9176,3
9177,2
9178,7
9179,5
9180,5
9181,4
9182,1
9183,1
9184,5
9185,5
9186,3
9187,2
9188,3
9189,4
9190,1
9191,4
9192,1
9193,2
9194,1
9195,1
9196,3
9197,2
9198,3
9199,4
9200,3
9201,2
9202,5
9203,3
9204,5
9205,3
9206,5
9207,4
9208,3
9209,2
9210,5
9211,5
9212,1
9213,1
9214,3
9215,4
9216,3
9217,2
9218,5
9219,4
9220,1
9221,4
9222,3
9223,2
9224,9
9225,6
9226,1
9227,1
9228,5
9229,4
9230,1
9231,4
9232,5
9233,3
9234,3
9235,2
9236,5
9237,5
9238,1
9239,3
9240,1
9241,1
9242,9
9243,5
9244,5
9245,3
9246,3
9247,4
9248,3
9249,2
9250,3
9251,5
9252,1
9253,2
9254,1
9255,1
9256,3
9257,4
9258,1
9259,2
9260,5
9261,6
9262,3
9263,3
9264,3
9265,2
9266,5
9267,4
9268,5
9269,4
9270,1
9271,3
9272,1
9273,3
9274,1
9275,3
9276,1
9277,1
9278,3
9279,5
9280,3
9281,4
9282,1
9283,3
9284,3
9285,2
9286,3
9287,2
9288,5
9289,6
9290,3
9291,2
9292,5
9293,3
9294,5
9295,5
9296,1
9297,1
9298,5
9299,4
9300,3
9301,3
9302,1
9303,2
9304,3
9305,3
9306,1
9307,1
9308,3
9309,6
9310,1
9311,4
9312,1
9313,1
9314,5
9315,4
9316,3
9317,3
9318,5
9319,3
9320,5
9321,5
9322,1
9323,3
9324,1
9325,1
9326,5
9327,5
9328,1
9329,3
9330,1
9331,1
9332,3
9333,4
9334,3
9335,2
9336,5
9337,3
9338,7
9339,4
9340,3
9341,3
9342,1
9343,3
9344,1
9345,2
9346,3
9347,4
9348,5
9349,4
9350,1
9351,1
9352,3
9353,5
9354,3
9355,4
9356,5
9357,4
9358,1
9359,3
9360,3
9361,3
9362,1
9363,2
9364,3
9365,3
9366,5
9367,3
9368,5
9369,4
9370,1
9371,1
9372,7
9373,5
9374,1
9375,3
9376,1
9377,3
9378,1
9379,2
9380,5
9381,5
9382,1
9383,1
9384,5
9385,3
9386,5
9387,3
9388,3
9389,3
9390,3
9391,3
9392,3
9393,3
9394,1
9395,2
9396,1
9397,3
9398,1
9399,2
9400,5
9401,4
9402,3
9403,2
9404,3
9405,3
9406,5
9407,4
9408,3
9409,3
9410,3
9411,3
9412,1
9413,3
9414,3
9415,2
9416,3
9417,2
9418,7
9419,5
9420,7
9421,6
9422,3
9423,2
9424,3
9425,4
9426,3
9427,2
9428,3
9429,3
9430,3
9431,2
9432,5
9433,3
9434,3
9435,4
9436,1
9437,1
9438,5
9439,3
9440,3
9441,3
9442,3
9443,3
9444,7
9445,4
9446,3
9447,2
9448,5
9449,4
9450,3
9451,2
9452,3
9453,4
9454,3
9455,4
9456,3
9457,4
9458,3
9459,3
9460,1
9461,2
9462,5
9463,3
9464,7
9465,4
9466,3
9467,2
9468,5
9469,5
9470,3
9471,2
9472,3
9473,4
9474,1
9475,1
9476,3
9477,5
9478,1
9479,1
9480,3
9481,3
9482,7
9483,4
9484,3
9485,4
9486,1
9487,3
9488,1
9489,2
9490,3
9491,2
9492,5
9493,5
9494,1
9495,2
9496,5
9497,4
9498,1
9499,4
9500,3
9501,4
9502,1
9503,3
9504,1
9505,2
9506,1
9507,3
9508,3
9509,2
9510,5
9511,5
9512,3
9513,2
9514,5
9515,5
9516,1
9517,1
9518,7
9519,4
9520,5
9521,3
9522,3
9523,4
9524,1
9525,1
9526,7
9527,5
9528,3
9529,2
9530,5
9531,4
9532,3
9533,3
9534,3
9535,2
9536,7
9537,5
9538,3
9539,3
9540,1
9541,1
9542,7
9543,5
9544,1
9545,3
9546,1
9547,2
9548,1
9549,3
9550,5
9551,4
9552,3
9553,4
9554,1
9555,3
9556,3
9557,3
9558,3
9559,2
9560,5
9561,3
9562,3
9563,3
9564,3
9565,2
9566,5
9567,4
9568,1
9569,2
9570,5
9571,3
9572,5
9573,4
9574,1
9575,3
9576,1
9577,3
9578,1
9579,2
9580,3
9581,2
9582,5
9583,5
9584,3
9585,2
9586,3
9587,4
9588,1
9589,1
9590,3
9591,2
9592,7
9593,4
9594,3
9595,4
9596,1
9597,2
9598,1
9599,3
9600,3
9601,4
9602,1
9603,2
9604,1
9605,2
9606,1
9607,2
9608,1
9609,2
9610,5
9611,3
9612,7
9613,5
9614,3
9615,2
9616,7
9617,5
9618,1
9619,4
9620,1
9621,3
9622,1
9623,1
9624,5
9625,4
9626,3
9627,2
9628,3
9629,4
9630,1
9631,1
9632,3
9633,3
9634,5
9635,4
9636,1
9637,1
9638,5
9639,3
9640,5
9641,3
9642,5
9643,4
9644,5
9645,4
9646,3
9647,3
9648,5
9649,3
9650,5
9651,3
9652,3
9653,4
9654,1
9655,1
9656,3
9657,4
9658,1
9659,2
9660,1
9661,3
9662,7
9663,5
9664,3
9665,2
9666,5
9667,4
9668,3
9669,3
9670,3
9671,2
9672,3
9673,3
9674,5
9675,4
9676,1
9677,4
9678,1
9679,1
9680,5
9681,4
9682,1
9683,2
9684,5
9685,3
9686,3
9687,3
9688,3
9689,2
9690,3
9691,3
9692,1
9693,1
9694,5
9695,4
9696,3
9697,3
9698,3
9699,5
9700,1
9701,2
9702,3
9703,2
9704,5
9705,3
9706,3
9707,3
9708,1
9709,3
9710,1
9711,1
9712,3
9713,3
9714,3
9715,4
9716,1
9717,4
9718,3
9719,3
9720,3
9721,3
9722,1
9723,2
9724,1
9725,3
9726,1
9727,1
9728,3
9729,2
9730,5
9731,3
9732,3
9733,2
9734,3
9735,3
9736,1
9737,1
9738,5
9739,4
9740,3
9741,2
9742,5
9743,3
9744,3
9745,2
9746,5
9747,5
9748,3
9749,4
9750,1
9751,3
9752,3
9753,3
9754,1
9755,3
9756,1
9757,1
9758,3
9759,4
9760,1
9761,1
9762,5
9763,3
9764,5
9765,4
9766,1
9767,3
9768,1
9769,1
9770,3
9771,3
9772,1
9773,2
9774,1
9775,2
9776,3
9777,2
9778,3
9779,2
9780,5
9781,6
9782,1
9783,2
9784,1
9785,2
9786,3
9787,3
9788,3
9789,3
9790,1
9791,3
9792,1
9793,5
9794,1
9795,2
9796,5
9797,4
9798,1
9799,2
9800,1
9801,2
9802,3
9803,3
9804,3
9805,3
9806,1
9807,1
9808,3
9809,2
9810,5
9811,3
9812,5
9813,4
9814,5
9815,3
9816,5
9817,3
9818,5
9819,4
9820,3
9821,3
9822,3
9823,2
9824,3
9825,4
9826,1
9827,2
9828,3
9829,4
9830,1
9831,3
9832,3
9833,4
9834,1
9835,1
9836,9
9837,5
9838,3
9839,4
9840,1
9841,1
9842,3
9843,4
9844,1
9845,2
9846,5
9847,6
9848,1
9849,1
9850,3
9851,2
9852,3
9853,4
9854,1
9855,2
9856,3
9857,4
9858,3
9859,3
9860,3
9861,3
9862,1
9863,3
9864,5
9865,3
9866,3
9867,4
9868,1
9869,2
9870,3
9871,2
9872,5
9873,5
9874,1
9875,2
9876,3
9877,2
9878,3
9879,4
9880,1
9881,3
9882,1
9883,2
9884,1
9885,1
9886,3
9887,3
9888,3
9889,2
9890,5
9891,3
9892,3
9893,3
9894,7
9895,4
9896,3
9897,2
9898,5
9899,4
9900,3
9901,2
9902,3
9903,2
9904,3
9905,3
9906,3
9907,5
9908,1
9909,2
9910,1
9911,2
9912,1
9913,3
9914,5
9915,3
9916,3
9917,2
9918,5
9919,4
9920,3
9921,4
9922,1
9923,1
9924,3
9925,5
9926,1
9927,3
9928,1
9929,2
9930,1
9931,1
9932,3
9933,4
9934,1
9935,2
9936,3
9937,2
9938,5
9939,4
9940,3
9941,4
9942,1
9943,1
9944,5
9945,3
9946,5
9947,4
9948,3
9949,3
9950,3
9951,4
9952,3
9953,3
9954,1
9955,1
9956,5
9957,3
9958,5
9959,3
9960,5
9961,4
9962,1
9963,3
9964,1
9965,1
9966,5
9967,4
9968,3
9969,2
9970,3
9971,2
9972,5
9973,5
9974,1
9975,2
9976,1
9977,1
9978,5
9979,3
9980,5
9981,3
9982,7
9983,4
9984,7
9985,4
9986,3
9987,3
9988,3
9989,3
9990,5
9991,5
9992,1
9993,2
9994,3
9995,2
9996,3
9997,3
9998,3
9999,4
